Voltage U1	Current IA
U1/V	IA/nA

0,02	0,33
0,04	0,34
0,07	0,35
0,09	0,36
0,12	0,37
0,14	0,36
0,17	0,36
0,19	0,37
0,21	0,36
0,24	0,36
0,26	0,37
0,29	0,37
0,31	0,38
0,34	0,37
0,36	0,36
0,39	0,37
0,41	0,37
0,43	0,36
0,46	0,36
0,48	0,34
0,51	0,35
0,53	0,35
0,56	0,34
0,58	0,34
0,61	0,33
0,63	0,34
0,65	0,36
0,68	0,37
0,70	0,37
0,73	0,37
0,75	0,38
0,78	0,39
0,80	0,39
0,83	0,37
0,85	0,37
0,87	0,36
0,90	0,36
0,92	0,36
0,95	0,36
0,97	0,36
1,00	0,36
1,02	0,36
1,05	0,37
1,07	0,37
1,09	0,37
1,12	0,38
1,14	0,37
1,17	0,38
1,19	0,37
1,22	0,36
1,24	0,36
1,26	0,36
1,29	0,35
1,31	0,35
1,34	0,34
1,36	0,35
1,39	0,37
1,41	0,37
1,44	0,37
1,46	0,37
1,48	0,37
1,51	0,38
1,53	0,37
1,56	0,36
1,58	0,36
1,61	0,36
1,63	0,36
1,66	0,37
1,68	0,37
1,70	0,37
1,73	0,37
1,75	0,37
1,78	0,38
1,80	0,38
1,83	0,37
1,85	0,39
1,88	0,38
1,90	0,38
1,92	0,38
1,95	0,38
1,97	0,38
2,00	0,37
2,02	0,37
2,05	0,38
2,07	0,37
2,10	0,36
2,12	0,37
2,14	0,38
2,17	0,38
2,19	0,37
2,22	0,36
2,24	0,37
2,27	0,37
2,29	0,37
2,31	0,36
2,34	0,36
2,36	0,37
2,39	0,37
2,41	0,37
2,44	0,36
2,46	0,35
2,49	0,35
2,51	0,36
2,53	0,37
2,56	0,37
2,58	0,37
2,61	0,38
2,63	0,38
2,66	0,38
2,68	0,37
2,71	0,36
2,73	0,36
2,75	0,36
2,78	0,36
2,80	0,36
2,83	0,36
2,85	0,38
2,88	0,38
2,90	0,38
2,93	0,39
2,95	0,39
2,97	0,39
3,00	0,38
3,02	0,36
3,05	0,36
3,07	0,34
3,10	0,35
3,12	0,35
3,15	0,36
3,17	0,36
3,19	0,37
3,22	0,37
3,24	0,39
3,27	0,38
3,29	0,38
3,32	0,37
3,34	0,36
3,36	0,36
3,39	0,36
3,41	0,36
3,44	0,37
3,46	0,37
3,49	0,37
3,51	0,38
3,54	0,36
3,56	0,36
3,58	0,36
3,61	0,37
3,63	0,37
3,66	0,36
3,68	0,37
3,71	0,38
3,73	0,38
3,76	0,38
3,78	0,37
3,80	0,37
3,83	0,37
3,85	0,37
3,88	0,36
3,90	0,36
3,93	0,35
3,95	0,34
3,98	0,36
4,00	0,36
4,02	0,36
4,05	0,36
4,07	0,36
4,10	0,37
4,12	0,37
4,15	0,36
4,17	0,36
4,20	0,36
4,22	0,36
4,24	0,36
4,27	0,35
4,29	0,36
4,32	0,37
4,34	0,37
4,37	0,36
4,39	0,37
4,42	0,37
4,44	0,39
4,46	0,39
4,49	0,37
4,51	0,38
4,54	0,38
4,56	0,38
4,59	0,39
4,61	0,39
4,63	0,40
4,66	0,40
4,68	0,40
4,71	0,41
4,73	0,41
4,76	0,40
4,78	0,41
4,81	0,40
4,83	0,41
4,85	0,41
4,88	0,41
4,90	0,41
4,93	0,41
4,95	0,41
4,98	0,43
5,00	0,41
5,03	0,42
5,05	0,43
5,07	0,43
5,10	0,44
5,12	0,44
5,15	0,45
5,17	0,47
5,20	0,47
5,22	0,46
5,25	0,47
5,27	0,47
5,29	0,47
5,32	0,49
5,34	0,49
5,37	0,50
5,39	0,50
5,42	0,50
5,44	0,52
5,47	0,53
5,49	0,52
5,51	0,52
5,54	0,53
5,56	0,54
5,59	0,54
5,61	0,54
5,64	0,56
5,66	0,56
5,68	0,56
5,71	0,57
5,73	0,56
5,76	0,57
5,78	0,58
5,81	0,57
5,83	0,57
5,86	0,59
5,88	0,59
5,90	0,60
5,93	0,62
5,95	0,62
5,98	0,63
6,00	0,63
6,03	0,63
6,05	0,65
6,08	0,66
6,10	0,66
6,12	0,66
6,15	0,67
6,17	0,70
6,20	0,71
6,22	0,70
6,25	0,70
6,27	0,70
6,30	0,71
6,32	0,70
6,34	0,70
6,37	0,71
6,39	0,71
6,42	0,71
6,44	0,73
6,47	0,72
6,49	0,74
6,52	0,74
6,54	0,74
6,56	0,75
6,59	0,76
6,61	0,77
6,64	0,78
6,66	0,77
6,69	0,78
6,71	0,79
6,73	0,78
6,76	0,78
6,78	0,80
6,81	0,80
6,83	0,81
6,86	0,82
6,88	0,82
6,91	0,84
6,93	0,85
6,95	0,83
6,98	0,84
7,00	0,84
7,03	0,85
7,05	0,84
7,08	0,85
7,10	0,85
7,13	0,85
7,15	0,85
7,17	0,87
7,20	0,87
7,22	0,88
7,25	0,88
7,27	0,89
7,30	0,89
7,32	0,90
7,35	0,90
7,37	0,90
7,39	0,90
7,42	0,90
7,44	0,91
7,47	0,89
7,49	0,90
7,52	0,92
7,54	0,92
7,57	0,93
7,59	0,93
7,61	0,93
7,64	0,95
7,66	0,95
7,69	0,94
7,71	0,94
7,74	0,93
7,76	0,93
7,78	0,93
7,81	0,93
7,83	0,93
7,86	0,93
7,88	0,93
7,91	0,94
7,93	0,93
7,96	0,94
7,98	0,94
8,00	0,94
8,03	0,93
8,05	0,93
8,08	0,92
8,10	0,92
8,13	0,91
8,15	0,92
8,18	0,92
8,20	0,91
8,22	0,91
8,25	0,92
8,27	0,93
8,30	0,93
8,32	0,93
8,35	0,92
8,37	0,93
8,40	0,93
8,42	0,91
8,44	0,89
8,47	0,87
8,49	0,87
8,52	0,87
8,54	0,87
8,57	0,87
8,59	0,86
8,62	0,87
8,64	0,89
8,66	0,88
8,69	0,88
8,71	0,87
8,74	0,87
8,76	0,87
8,79	0,86
8,81	0,86
8,84	0,86
8,86	0,86
8,88	0,87
8,91	0,86
8,93	0,86
8,96	0,86
8,98	0,87
9,01	0,87
9,03	0,87
9,05	0,88
9,08	0,88
9,10	0,90
9,13	0,89
9,15	0,89
9,18	0,89
9,20	0,87
9,23	0,87
9,25	0,87
9,27	0,86
9,30	0,87
9,32	0,87
9,35	0,87
9,37	0,90
9,40	0,90
9,42	0,92
9,45	0,93
9,47	0,93
9,49	0,94
9,52	0,95
9,54	0,94
9,57	0,94
9,59	0,93
9,62	0,93
9,64	0,94
9,67	0,94
9,69	0,94
9,71	0,96
9,74	0,97
9,76	0,98
9,79	0,98
9,81	0,98
9,84	1,00
9,86	1,00
9,89	1,00
9,91	1,00
9,93	0,99
9,96	1,00
9,98	1,00
10,01	1,00
10,03	1,02
10,06	1,01
10,08	1,03
10,10	1,06
10,13	1,06
10,15	1,06
10,18	1,07
10,20	1,07
10,23	1,08
10,25	1,07
10,28	1,07
10,30	1,08
10,32	1,08
10,35	1,09
10,37	1,11
10,40	1,11
10,42	1,12
10,45	1,12
10,47	1,12
10,50	1,14
10,52	1,13
10,54	1,13
10,57	1,15
10,59	1,15
10,62	1,16
10,64	1,16
10,67	1,14
10,69	1,15
10,72	1,15
10,74	1,15
10,76	1,15
10,79	1,15
10,81	1,16
10,84	1,19
10,86	1,19
10,89	1,20
10,91	1,20
10,94	1,20
10,96	1,21
10,98	1,22
11,01	1,21
11,03	1,21
11,06	1,21
11,08	1,21
11,11	1,22
11,13	1,22
11,15	1,23
11,18	1,23
11,20	1,24
11,23	1,26
11,25	1,27
11,28	1,27
11,30	1,29
11,33	1,29
11,35	1,30
11,37	1,30
11,40	1,28
11,42	1,29
11,45	1,29
11,47	1,28
11,50	1,29
11,52	1,28
11,55	1,29
11,57	1,32
11,59	1,32
11,62	1,32
11,64	1,33
11,67	1,33
11,69	1,35
11,72	1,36
11,74	1,34
11,77	1,35
11,79	1,35
11,81	1,34
11,84	1,35
11,86	1,36
11,89	1,35
11,91	1,36
11,94	1,36
11,96	1,38
11,99	1,37
12,01	1,37
12,03	1,39
12,06	1,40
12,08	1,40
12,11	1,40
12,13	1,38
12,16	1,40
12,18	1,41
12,21	1,39
12,23	1,39
12,25	1,39
12,28	1,40
12,30	1,43
12,33	1,43
12,35	1,44
12,38	1,44
12,40	1,44
12,42	1,45
12,45	1,45
12,47	1,45
12,50	1,45
12,52	1,44
12,55	1,44
12,57	1,46
12,60	1,45
12,62	1,45
12,64	1,45
12,67	1,45
12,69	1,46
12,72	1,47
12,74	1,47
12,77	1,49
12,79	1,49
12,82	1,50
12,84	1,50
12,86	1,49
12,89	1,49
12,91	1,49
12,94	1,48
12,96	1,48
12,99	1,47
13,01	1,47
13,04	1,50
13,06	1,51
13,08	1,51
13,11	1,51
13,13	1,51
13,16	1,52
13,18	1,52
13,21	1,51
13,23	1,51
13,26	1,50
13,28	1,51
13,30	1,52
13,33	1,52
13,35	1,52
13,38	1,52
13,40	1,53
13,43	1,54
13,45	1,54
13,47	1,54
13,50	1,56
13,52	1,55
13,55	1,55
13,57	1,55
13,60	1,53
13,62	1,53
13,65	1,52
13,67	1,51
13,69	1,52
13,72	1,51
13,74	1,52
13,77	1,54
13,79	1,54
13,82	1,55
13,84	1,55
13,87	1,55
13,89	1,56
13,91	1,56
13,94	1,56
13,96	1,55
13,99	1,55
14,01	1,55
14,04	1,55
14,06	1,54
14,09	1,55
14,11	1,55
14,13	1,55
14,16	1,56
14,18	1,56
14,21	1,56
14,23	1,58
14,26	1,58
14,28	1,58
14,31	1,58
14,33	1,58
14,35	1,58
14,38	1,58
14,40	1,57
14,43	1,58
14,45	1,57
14,48	1,58
14,50	1,60
14,52	1,60
14,55	1,61
14,57	1,61
14,60	1,61
14,62	1,62
14,65	1,63
14,67	1,61
14,70	1,61
14,72	1,61
14,74	1,62
14,77	1,63
14,79	1,63
14,82	1,63
14,84	1,64
14,87	1,65
14,89	1,66
14,92	1,65
14,94	1,65
14,96	1,66
14,99	1,66
15,01	1,66
15,04	1,66
15,06	1,67
15,09	1,67
15,11	1,67
15,14	1,67
15,16	1,68
15,18	1,67
15,21	1,68
15,23	1,70
15,26	1,70
15,28	1,71
15,31	1,71
15,33	1,71
15,36	1,72
15,38	1,71
15,40	1,70
15,43	1,70
15,45	1,70
15,48	1,70
15,50	1,71
15,53	1,72
15,55	1,73
15,57	1,72
15,60	1,73
15,62	1,73
15,65	1,74
15,67	1,74
15,70	1,74
15,72	1,74
15,75	1,75
15,77	1,75
15,79	1,76
15,82	1,76
15,84	1,77
15,87	1,76
15,89	1,77
15,92	1,75
15,94	1,76
15,97	1,79
15,99	1,79
16,01	1,79
16,04	1,81
16,06	1,81
16,09	1,83
16,11	1,83
16,14	1,82
16,16	1,82
16,19	1,81
16,21	1,81
16,23	1,82
16,26	1,83
16,28	1,84
16,31	1,84
16,33	1,86
16,36	1,87
16,38	1,87
16,41	1,86
16,43	1,86
16,45	1,86
16,48	1,85
16,50	1,85
16,53	1,85
16,55	1,86
16,58	1,86
16,60	1,87
16,63	1,88
16,65	1,87
16,67	1,88
16,70	1,89
16,72	1,90
16,75	1,90
16,77	1,91
16,80	1,91
16,82	1,93
16,84	1,93
16,87	1,93
16,89	1,94
16,92	1,93
16,94	1,94
16,97	1,96
16,99	1,97
17,02	1,97
17,04	1,97
17,06	1,96
17,09	1,98
17,11	1,98
17,14	1,98
17,16	1,98
17,19	1,98
17,21	1,99
17,24	1,99
17,26	1,98
17,28	1,99
17,31	1,99
17,33	1,99
17,36	2,00
17,38	1,99
17,41	2,00
17,43	2,01
17,46	2,01
17,48	2,02
17,50	2,02
17,53	2,02
17,55	2,04
17,58	2,05
17,60	2,05
17,63	2,07
17,65	2,05
17,68	2,06
17,70	2,07
17,72	2,09
17,75	2,08
17,77	2,08
17,80	2,08
17,82	2,10
17,85	2,10
17,87	2,09
17,89	2,09
17,92	2,09
17,94	2,10
17,97	2,09
17,99	2,10
18,02	2,10
18,04	2,10
18,07	2,11
18,09	2,12
18,11	2,11
18,14	2,12
18,16	2,12
18,19	2,13
18,21	2,13
18,24	2,13
18,26	2,14
18,29	2,16
18,31	2,16
18,33	2,17
18,36	2,17
18,38	2,16
18,41	2,17
18,43	2,18
18,46	2,19
18,48	2,19
18,51	2,19
18,53	2,19
18,55	2,21
18,58	2,21
18,60	2,20
18,63	2,20
18,65	2,20
18,68	2,20
18,70	2,21
18,73	2,21
18,75	2,22
18,77	2,22
18,80	2,22
18,82	2,23
18,85	2,23
18,87	2,23
18,90	2,24
18,92	2,24
18,94	2,25
18,97	2,25
18,99	2,26
19,02	2,27
19,04	2,27
19,07	2,27
19,09	2,27
19,12	2,26
19,14	2,27
19,16	2,28
19,19	2,28
19,21	2,29
19,24	2,29
19,26	2,30
19,29	2,32
19,31	2,32
19,34	2,31
19,36	2,31
19,38	2,30
19,41	2,31
19,43	2,30
19,46	2,30
19,48	2,30
19,51	2,31
19,53	2,32
19,56	2,33
19,58	2,33
19,60	2,34
19,63	2,34
19,65	2,34
19,68	2,35
19,70	2,35
19,73	2,35
19,75	2,35
19,78	2,35
19,80	2,36
19,82	2,36
19,85	2,35
19,87	2,36
19,90	2,38
19,92	2,38
19,95	2,39
19,97	2,39
19,99	2,39
20,02	2,41
20,04	2,42
20,07	2,41
20,09	2,42
20,12	2,42
20,14	2,42
20,17	2,43
20,19	2,43
20,21	2,44
20,24	2,44
20,26	2,44
20,29	2,45
20,31	2,46
20,34	2,46
20,36	2,46
20,39	2,46
20,41	2,47
20,43	2,47
20,46	2,46
20,48	2,46
20,51	2,47
20,53	2,47
20,56	2,49
20,58	2,47
20,61	2,47
20,63	2,50
20,65	2,50
20,68	2,51
20,70	2,51
20,73	2,52
20,75	2,55
20,78	2,55
20,80	2,54
20,83	2,54
20,85	2,53
20,87	2,54
20,90	2,54
20,92	2,54
20,95	2,54
20,97	2,55
21,00	2,56
21,02	2,58
21,05	2,59
21,07	2,60
21,09	2,60
21,12	2,60
21,14	2,61
21,17	2,61
21,19	2,61
21,22	2,62
21,24	2,62
21,26	2,63
21,29	2,65
21,31	2,65
21,34	2,65
21,36	2,66
21,39	2,65
21,41	2,67
21,44	2,67
21,46	2,67
21,48	2,68
21,51	2,70
21,53	2,70
21,56	2,71
21,58	2,69
21,61	2,70
21,63	2,70
21,66	2,70
21,68	2,70
21,70	2,70
21,73	2,71
21,75	2,74
21,78	2,74
21,80	2,75
21,83	2,76
21,85	2,76
21,88	2,76
21,90	2,76
21,92	2,77
21,95	2,78
21,97	2,78
22,00	2,79
22,02	2,80
22,05	2,81
22,07	2,82
22,10	2,82
22,12	2,82
22,14	2,83
22,17	2,84
22,19	2,84
22,22	2,85
22,24	2,86
22,27	2,86
22,29	2,87
22,31	2,86
22,34	2,87
22,36	2,87
22,39	2,88
22,41	2,89
22,44	2,89
22,46	2,89
22,49	2,91
22,51	2,92
22,53	2,93
22,56	2,94
22,58	2,95
22,61	2,97
22,63	2,97
22,66	2,98
22,68	2,99
22,71	2,99
22,73	3,00
22,75	3,00
22,78	3,00
22,80	3,01
22,83	3,02
22,85	3,02
22,88	3,03
22,90	3,04
22,93	3,05
22,95	3,06
22,97	3,07
23,00	3,08
23,02	3,10
23,05	3,09
23,07	3,09
23,10	3,09
23,12	3,10
23,15	3,11
23,17	3,11
23,19	3,12
23,22	3,16
23,24	3,17
23,27	3,19
23,29	3,19
23,32	3,20
23,34	3,20
23,36	3,21
23,39	3,21
23,41	3,23
23,44	3,23
23,46	3,24
23,49	3,24
23,51	3,26
23,54	3,27
23,56	3,28
23,58	3,28
23,61	3,29
23,63	3,30
23,66	3,31
23,68	3,33
23,71	3,33
23,73	3,33
23,76	3,34
23,78	3,33
23,80	3,34
23,83	3,34
23,85	3,34
23,88	3,36
23,90	3,36
23,93	3,37
23,95	3,41
23,98	3,41
24,00	3,43
24,02	3,43
24,05	3,43
24,07	3,44
24,10	3,45
24,12	3,45
24,15	3,46
24,17	3,46
24,20	3,47
24,22	3,48
24,24	3,49
24,27	3,50
24,29	3,50
24,32	3,51
24,34	3,52
24,37	3,52
24,39	3,52
24,42	3,54
24,44	3,54
24,46	3,55
24,49	3,55
24,51	3,54
24,54	3,56
24,56	3,56
24,59	3,56
24,61	3,57
24,63	3,57
24,66	3,56
24,68	3,60
24,71	3,60
24,73	3,61
24,76	3,62
24,78	3,63
24,81	3,64
24,83	3,65
24,85	3,64
24,88	3,64
24,90	3,63
24,93	3,64
24,95	3,66
24,98	3,67
25,00	3,68
25,03	3,69
25,05	3,70
25,07	3,72
25,10	3,72
25,12	3,72
25,15	3,74
25,17	3,74
25,20	3,75
25,22	3,75
25,25	3,74
25,27	3,75
25,29	3,76
25,32	3,75
25,34	3,76
25,37	3,76
25,39	3,77
25,42	3,80
25,44	3,81
25,47	3,82
25,49	3,82
25,51	3,83
25,54	3,84
25,56	3,84
25,59	3,83
25,61	3,83
25,64	3,83
25,66	3,83
25,68	3,84
25,71	3,85
25,73	3,87
25,76	3,88
25,78	3,88
25,81	3,90
25,83	3,91
25,86	3,91
25,88	3,93
25,90	3,94
25,93	3,95
25,95	3,94
25,98	3,93
26,00	3,94
26,03	3,95
26,05	3,94
26,08	3,95
26,10	3,94
26,12	3,95
26,15	3,99
26,17	3,99
26,20	4,00
26,22	4,00
26,25	4,01
26,27	4,03
26,30	4,04
26,32	4,03
26,34	4,04
26,37	4,04
26,39	4,04
26,42	4,05
26,44	4,06
26,47	4,07
26,49	4,08
26,52	4,08
26,54	4,10
26,56	4,09
26,59	4,10
26,61	4,12
26,64	4,11
26,66	4,11
26,69	4,12
26,71	4,12
26,73	4,14
26,76	4,14
26,78	4,14
26,81	4,15
26,83	4,15
26,86	4,16
26,88	4,18
26,91	4,19
26,93	4,20
26,95	4,21
26,98	4,21
27,00	4,22
27,03	4,23
27,05	4,22
27,08	4,23
27,10	4,22
27,13	4,22
27,15	4,23
27,17	4,24
27,20	4,25
27,22	4,26
27,25	4,26
27,27	4,28
27,30	4,29
27,32	4,29
27,35	4,31
27,37	4,31
27,39	4,32
27,42	4,33
27,44	4,34
27,47	4,34
27,49	4,34
27,52	4,34
27,54	4,35
27,57	4,34
27,59	4,34
27,61	4,36
27,64	4,37
27,66	4,38
27,69	4,39
27,71	4,40
27,74	4,42
27,76	4,44
27,78	4,43
27,81	4,43
27,83	4,43
27,86	4,44
27,88	4,44
27,91	4,45
27,93	4,46
27,96	4,47
27,98	4,47
28,00	4,50
28,03	4,50
28,05	4,51
28,08	4,51
28,10	4,50
28,13	4,51
28,15	4,51
28,18	4,52
28,20	4,53
28,22	4,53
28,25	4,55
28,27	4,57
28,30	4,56
28,32	4,58
28,35	4,60
28,37	4,61
28,40	4,62
28,42	4,61
28,44	4,62
28,47	4,64
28,49	4,64
28,52	4,63
28,54	4,64
28,57	4,64
28,59	4,65
28,62	4,66
28,64	4,68
28,66	4,69
28,69	4,69
28,71	4,70
28,74	4,72
28,76	4,73
28,79	4,73
28,81	4,73
28,84	4,73
28,86	4,75
28,88	4,76
28,91	4,76
28,93	4,77
28,96	4,78
28,98	4,79
29,01	4,80
29,03	4,80
29,05	4,80
29,08	4,81
29,10	4,82
29,13	4,84
29,15	4,85
29,18	4,85
29,20	4,88
29,23	4,89
29,25	4,89
29,27	4,89
29,30	4,89
29,32	4,90
29,35	4,91
29,37	4,92
29,40	4,94
29,42	4,94
29,45	4,95
29,47	4,97
29,49	4,98
29,52	4,98
29,54	4,98
29,57	4,98
29,59	4,99
29,62	5,00
29,64	5,01
29,67	5,02
29,69	5,03
29,71	5,04
29,74	5,06
29,76	5,05
29,79	5,07
29,81	5,08
29,84	5,08
29,86	5,09
29,89	5,09
29,91	5,11
29,93	5,13
29,96	5,13
29,98	5,12
30,01	5,14
30,03	5,14
30,06	5,15
30,08	5,16
30,10	5,17
30,13	5,18
30,15	5,19
30,18	5,19
30,20	5,21
30,23	5,22
30,25	5,22
30,28	5,22
30,30	5,23
30,32	5,24
30,35	5,25
30,37	5,26
30,40	5,28
30,42	5,28
30,45	5,30
30,47	5,32
30,50	5,31
30,52	5,32
30,54	5,32
30,57	5,33
30,59	5,34
30,62	5,35
30,64	5,35
30,67	5,37
30,69	5,38
30,72	5,39
30,74	5,40
30,76	5,40
30,79	5,41
30,81	5,43
30,84	5,43
30,86	5,44
30,89	5,45
30,91	5,45
30,94	5,47
30,96	5,47
30,98	5,48
31,01	5,49
31,03	5,49
31,06	5,51
31,08	5,51
31,11	5,51
31,13	5,53
31,15	5,54
31,18	5,55
31,20	5,57
31,23	5,56
31,25	5,58
31,28	5,60
31,30	5,60
31,33	5,61
31,35	5,62
31,37	5,62
31,40	5,64
31,42	5,65
31,45	5,66
31,47	5,67
31,50	5,66
31,52	5,67
31,55	5,69
31,57	5,70
31,59	5,71
31,62	5,72
31,64	5,72
31,67	5,75
31,69	5,75
31,72	5,75
31,74	5,76
31,77	5,77
31,79	5,78
31,81	5,79
31,84	5,81
31,86	5,82
31,89	5,82
31,91	5,83
31,94	5,85
31,96	5,86
31,99	5,87
32,01	5,87
32,03	5,88
32,06	5,90
32,08	5,91
32,11	5,92
32,13	5,93
32,16	5,95
32,18	5,96
32,20	5,97
32,23	5,96
32,25	5,98
32,28	6,00
32,30	6,00
32,33	6,01
32,35	6,02
32,38	6,02
32,40	6,05
32,42	6,05
32,45	6,04
32,47	6,06
32,50	6,07
32,52	6,08
32,55	6,09
32,57	6,09
32,60	6,10
32,62	6,11
32,64	6,12
32,67	6,13
32,69	6,14
32,72	6,15
32,74	6,16
32,77	6,17
32,79	6,17
32,82	6,19
32,84	6,20
32,86	6,21
32,89	6,21
32,91	6,22
32,94	6,23
32,96	6,23
32,99	6,24
33,01	6,26
33,04	6,27
33,06	6,28
33,08	6,29
33,11	6,31
33,13	6,34
33,16	6,35
33,18	6,35
33,21	6,35
33,23	6,35
33,26	6,36
33,28	6,35
33,30	6,35
33,33	6,36
33,35	6,37
33,38	6,38
33,40	6,41
33,43	6,43
33,45	6,45
33,47	6,46
33,50	6,47
33,52	6,49
33,55	6,50
33,57	6,50
33,60	6,51
33,62	6,51
33,65	6,52
33,67	6,53
33,69	6,53
33,72	6,54
33,74	6,57
33,77	6,58
33,79	6,59
33,82	6,60
33,84	6,61
33,87	6,63
33,89	6,64
33,91	6,63
33,94	6,63
33,96	6,64
33,99	6,65
34,01	6,65
34,04	6,66
34,06	6,68
34,09	6,69
34,11	6,71
34,13	6,74
34,16	6,75
34,18	6,76
34,21	6,77
34,23	6,78
34,26	6,79
34,28	6,81
34,31	6,81
34,33	6,82
34,35	6,84
34,38	6,84
34,40	6,85
34,43	6,85
34,45	6,86
34,48	6,88
34,50	6,89
34,52	6,90
34,55	6,91
34,57	6,92
34,60	6,94
34,62	6,95
34,65	6,95
34,67	6,95
34,70	6,94
34,72	6,95
34,74	6,95
34,77	6,96
34,79	6,97
34,82	6,98
34,84	7,00
34,87	7,03
34,89	7,04
34,92	7,05
34,94	7,06
34,96	7,07
34,99	7,08
35,01	7,08
35,04	7,09
35,06	7,10
35,09	7,11
35,11	7,11
35,14	7,12
35,16	7,14
35,18	7,15
35,21	7,17
35,23	7,18
35,26	7,19
35,28	7,20
35,31	7,22
35,33	7,24
35,36	7,25
35,38	7,25
35,40	7,26
35,43	7,26
35,45	7,28
35,48	7,27
35,50	7,28
35,53	7,29
35,55	7,30
35,57	7,30
35,60	7,33
35,62	7,33
35,65	7,35
35,67	7,36
35,70	7,37
35,72	7,38
35,75	7,39
35,77	7,40
35,79	7,41
35,82	7,42
35,84	7,43
35,87	7,43
35,89	7,45
35,92	7,47
35,94	7,48
35,97	7,49
35,99	7,51
36,01	7,52
36,04	7,53
36,06	7,55
36,09	7,57
36,11	7,58
36,14	7,58
36,16	7,57
36,19	7,58
36,21	7,59
36,23	7,59
36,26	7,60
36,28	7,59
36,31	7,61
36,33	7,65
36,36	7,66
36,38	7,67
36,41	7,69
36,43	7,70
36,45	7,72
36,48	7,72
36,50	7,73
36,53	7,74
36,55	7,74
36,58	7,75
36,60	7,76
36,62	7,77
36,65	7,78
36,67	7,79
36,70	7,80
36,72	7,82
36,75	7,84
36,77	7,85
36,80	7,88
36,82	7,89
36,84	7,90
36,87	7,91
36,89	7,90
36,92	7,91
36,94	7,92
36,97	7,91
36,99	7,93
37,02	7,94
37,04	7,95
37,06	7,99
37,09	8,00
37,11	8,01
37,14	8,03
37,16	8,04
37,19	8,05
37,21	8,06
37,24	8,07
37,26	8,08
37,28	8,08
37,31	8,09
37,33	8,10
37,36	8,12
37,38	8,13
37,41	8,13
37,43	8,14
37,46	8,17
37,48	8,18
37,50	8,19
37,53	8,22
37,55	8,23
37,58	8,25
37,60	8,25
37,63	8,24
37,65	8,25
37,68	8,26
37,70	8,24
37,72	8,26
37,75	8,26
37,77	8,28
37,80	8,33
37,82	8,34
37,85	8,36
37,87	8,38
37,89	8,39
37,92	8,40
37,94	8,40
37,97	8,40
37,99	8,41
38,02	8,41
38,04	8,42
38,07	8,43
38,09	8,45
38,11	8,47
38,14	8,48
38,16	8,49
38,19	8,50
38,21	8,52
38,24	8,52
38,26	8,55
38,29	8,55
38,31	8,57
38,33	8,58
38,36	8,58
38,38	8,59
38,41	8,60
38,43	8,59
38,46	8,61
38,48	8,61
38,51	8,63
38,53	8,66
38,55	8,68
38,58	8,69
38,60	8,69
38,63	8,71
38,65	8,73
38,68	8,75
38,70	8,74
38,73	8,75
38,75	8,76
38,77	8,78
38,80	8,80
38,82	8,81
38,85	8,82
38,87	8,83
38,90	8,84
38,92	8,86
38,94	8,88
38,97	8,88
38,99	8,91
39,02	8,91
39,04	8,92
39,07	8,93
39,09	8,93
39,12	8,94
39,14	8,95
39,16	8,95
39,19	8,97
39,21	8,98
39,24	9,00
39,26	9,03
39,29	9,04
39,31	9,05
39,34	9,06
39,36	9,07
39,38	9,09
39,41	9,10
39,43	9,10
39,46	9,11
39,48	9,12
39,51	9,15
39,53	9,17
39,56	9,18
39,58	9,19
39,60	9,20
39,63	9,21
39,65	9,23
39,68	9,24
39,70	9,24
39,73	9,26
39,75	9,27
39,78	9,30
39,80	9,30
39,82	9,31
39,85	9,32
39,87	9,34
39,90	9,35
39,92	9,37
39,95	9,36
39,97	9,38
39,99	9,41
40,02	9,41
40,04	9,42
40,07	9,43
40,09	9,44
40,12	9,46
40,14	9,47
40,17	9,48
40,19	9,48
40,21	9,50
40,24	9,51
40,26	9,52
40,29	9,54
40,31	9,56
40,34	9,57
40,36	9,58
40,39	9,60
40,41	9,61
40,43	9,62
40,46	9,63
40,48	9,63
40,51	9,65
40,53	9,67
40,56	9,69
40,58	9,71
40,61	9,72
40,63	9,73
40,65	9,75
40,68	9,74
40,70	9,75
40,73	9,78
40,75	9,80
40,78	9,81
40,80	9,84
40,83	9,85
40,85	9,87
40,87	9,88
40,90	9,87
40,92	9,87
40,95	9,87
40,97	9,88
41,00	9,89
41,02	9,90
41,05	9,92
41,07	9,94
41,09	9,96
41,12	9,98
41,14	10,00
41,17	10,01
41,19	10,01
41,22	10,02
41,24	10,03
41,26	10,04
41,29	10,05
41,31	10,06
41,34	10,08
41,36	10,10
41,39	10,11
41,41	10,11
41,44	10,12
41,46	10,15
41,48	10,16
41,51	10,17
41,53	10,17
41,56	10,18
41,58	10,22
41,61	10,23
41,63	10,23
41,66	10,24
41,68	10,26
41,70	10,28
41,73	10,30
41,75	10,31
41,78	10,32
41,80	10,33
41,83	10,34
41,85	10,36
41,88	10,37
41,90	10,39
41,92	10,41
41,95	10,42
41,97	10,44
42,00	10,45
42,02	10,46
42,05	10,48
42,07	10,48
42,10	10,50
42,12	10,52
42,14	10,51
42,17	10,53
42,19	10,56
42,22	10,57
42,24	10,60
42,27	10,61
42,29	10,62
42,31	10,64
42,34	10,66
42,36	10,66
42,39	10,67
42,41	10,67
42,44	10,68
42,46	10,70
42,49	10,72
42,51	10,75
42,53	10,75
42,56	10,78
42,58	10,81
42,61	10,82
42,63	10,83
42,66	10,84
42,68	10,84
42,71	10,86
42,73	10,86
42,75	10,87
42,78	10,89
42,80	10,89
42,83	10,90
42,85	10,92
42,88	10,91
42,90	10,92
42,93	10,94
42,95	10,95
42,97	10,97
43,00	10,98
43,02	10,99
43,05	11,03
43,07	11,05
43,10	11,05
43,12	11,07
43,15	11,07
43,17	11,08
43,19	11,10
43,22	11,11
43,24	11,13
43,27	11,15
43,29	11,16
43,32	11,20
43,34	11,21
43,36	11,22
43,39	11,23
43,41	11,24
43,44	11,26
43,46	11,26
43,49	11,26
43,51	11,27
43,54	11,29
43,56	11,30
43,58	11,32
43,61	11,32
43,63	11,34
43,66	11,35
43,68	11,36
43,71	11,38
43,73	11,39
43,76	11,40
43,78	11,42
43,80	11,43
43,83	11,45
43,85	11,46
43,88	11,46
43,90	11,48
43,93	11,50
43,95	11,52
43,98	11,54
44,00	11,56
44,02	11,57
44,05	11,60
44,07	11,60
44,10	11,60
44,12	11,61
44,15	11,62
44,17	11,64
44,20	11,66
44,22	11,67
44,24	11,68
44,27	11,70
44,29	11,72
44,32	11,74
44,34	11,74
44,37	11,75
44,39	11,77
44,41	11,77
44,44	11,79
44,46	11,80
44,49	11,81
44,51	11,84
44,54	11,85
44,56	11,86
44,59	11,89
44,61	11,89
44,63	11,91
44,66	11,94
44,68	11,96
44,71	11,98
44,73	11,99
44,76	12,00
44,78	12,03
44,81	12,04
44,83	12,03
44,85	12,05
44,88	12,06
44,90	12,08
44,93	12,09
44,95	12,10
44,98	12,13
45,00	12,14
45,03	12,15
45,05	12,18
45,07	12,19
45,10	12,20
45,12	12,21
45,15	12,23
45,17	12,24
45,20	12,25
45,22	12,26
45,25	12,28
45,27	12,30
45,29	12,32
45,32	12,33
45,34	12,34
45,37	12,35
45,39	12,38
45,42	12,40
45,44	12,41
45,47	12,43
45,49	12,44
45,51	12,47
45,54	12,48
45,56	12,48
45,59	12,49
45,61	12,50
45,64	12,52
45,66	12,53
45,68	12,54
45,71	12,56
45,73	12,56
45,76	12,57
45,78	12,59
45,81	12,60
45,83	12,60
45,86	12,63
45,88	12,64
45,90	12,66
45,93	12,67
45,95	12,69
45,98	12,70
46,00	12,72
46,03	12,72
46,05	12,74
46,08	12,74
46,10	12,75
46,12	12,78
46,15	12,79
46,17	12,81
46,20	12,82
46,22	12,84
46,25	12,88
46,27	12,90
46,30	12,90
46,32	12,92
46,34	12,93
46,37	12,94
46,39	12,95
46,42	12,96
46,44	12,97
46,47	12,98
46,49	13,00
46,52	13,02
46,54	13,04
46,56	13,06
46,59	13,06
46,61	13,09
46,64	13,11
46,66	13,12
46,69	13,14
46,71	13,16
46,73	13,17
46,76	13,19
46,78	13,21
46,81	13,20
46,83	13,22
46,86	13,25
46,88	13,26
46,91	13,27
46,93	13,27
46,95	13,29
46,98	13,33
47,00	13,33
47,03	13,34
47,05	13,36
47,08	13,36
47,10	13,39
47,13	13,40
47,15	13,41
47,17	13,43
47,20	13,42
47,22	13,44
47,25	13,47
47,27	13,49
47,30	13,51
47,32	13,52
47,35	13,54
47,37	13,58
47,39	13,59
47,42	13,60
47,44	13,61
47,47	13,62
47,49	13,63
47,52	13,64
47,54	13,65
47,57	13,68
47,59	13,70
47,61	13,71
47,64	13,74
47,66	13,76
47,69	13,78
47,71	13,81
47,74	13,83
47,76	13,83
47,78	13,84
47,81	13,84
47,83	13,86
47,86	13,86
47,88	13,86
47,91	13,87
47,93	13,88
47,96	13,90
47,98	13,95
48,00	13,96
48,03	13,98
48,05	14,00
48,08	14,01
48,10	14,04
48,13	14,05
48,15	14,06
48,18	14,08
48,20	14,09
48,22	14,11
48,25	14,13
48,27	14,14
48,30	14,16
48,32	14,17
48,35	14,19
48,37	14,20
48,40	14,20
48,42	14,22
48,44	14,25
48,47	14,26
48,49	14,28
48,52	14,30
48,54	14,30
48,57	14,33
48,59	14,34
48,62	14,34
48,64	14,36
48,66	14,36
48,69	14,38
48,71	14,42
48,74	14,44
48,76	14,46
48,79	14,48
48,81	14,48
48,84	14,50
48,86	14,51
48,88	14,51
48,91	14,52
48,93	14,53
48,96	14,55
48,98	14,58
49,01	14,60
49,03	14,63
49,05	14,64
49,08	14,66
49,10	14,68
49,13	14,68
49,15	14,69
49,18	14,71
49,20	14,73
49,23	14,74
49,25	14,75
49,27	14,76
49,30	14,79
49,32	14,82
49,35	14,82
49,37	14,84
49,40	14,85
49,42	14,88
49,45	14,89
49,47	14,91
49,49	14,92
49,52	14,93
49,54	14,96
49,57	14,98
49,59	14,98
49,62	15,00
49,64	15,01
49,67	15,02
49,69	15,04
49,71	15,06
49,74	15,07
49,76	15,10
49,79	15,11
49,81	15,13
49,84	15,14
49,86	15,13
49,89	15,14
49,91	15,17
49,93	15,18
49,96	15,20
49,98	15,23
50,01	15,25
50,03	15,29
50,06	15,30
50,08	15,31
50,10	15,33
50,13	15,34
50,15	15,35
50,18	15,36
50,20	15,37
50,23	15,39
50,25	15,40
50,28	15,42
50,30	15,45
50,32	15,46
50,35	15,49
50,37	15,50
50,40	15,52
50,42	15,54
50,45	15,55
50,47	15,56
50,50	15,59
50,52	15,60
50,54	15,61
50,57	15,63
50,59	15,64
50,62	15,65
50,64	15,67
50,67	15,68
50,69	15,70
50,72	15,72
50,74	15,72
50,76	15,76
50,79	15,78
50,81	15,79
50,84	15,81
50,86	15,81
50,89	15,83
50,91	15,85
50,94	15,85
50,96	15,87
50,98	15,87
51,01	15,89
51,03	15,92
51,06	15,94
51,08	15,97
51,11	15,99
51,13	16,00
51,15	16,03
51,18	16,04
51,20	16,06
51,23	16,07
51,25	16,08
51,28	16,09
51,30	16,11
51,33	16,11
51,35	16,13
51,37	16,17
51,40	16,18
51,42	16,20
51,45	16,22
51,47	16,24
51,50	16,27
51,52	16,29
51,55	16,29
51,57	16,29
51,59	16,29
51,62	16,30
51,64	16,32
51,67	16,32
51,69	16,34
51,72	16,36
51,74	16,39
51,77	16,42
51,79	16,44
51,81	16,46
51,84	16,47
51,86	16,48
51,89	16,50
51,91	16,51
51,94	16,52
51,96	16,54
51,99	16,55
52,01	16,57
52,03	16,59
52,06	16,60
52,08	16,62
52,11	16,65
52,13	16,68
52,16	16,70
52,18	16,71
52,20	16,72
52,23	16,76
52,25	16,77
52,28	16,79
52,30	16,79
52,33	16,79
52,35	16,82
52,38	16,84
52,40	16,84
52,42	16,87
52,45	16,88
52,47	16,89
52,50	16,94
52,52	16,95
52,55	16,97
52,57	16,98
52,60	16,99
52,62	17,01
52,64	17,03
52,67	17,03
52,69	17,06
52,72	17,08
52,74	17,10
52,77	17,13
52,79	17,15
52,82	17,16
52,84	17,19
52,86	17,19
52,89	17,20
52,91	17,22
52,94	17,23
52,96	17,25
52,99	17,27
53,01	17,28
53,04	17,30
53,06	17,31
53,08	17,32
53,11	17,34
53,13	17,35
53,16	17,36
53,18	17,37
53,21	17,38
53,23	17,42
53,26	17,43
53,28	17,44
53,30	17,46
53,33	17,47
53,35	17,50
53,38	17,52
53,40	17,53
53,43	17,56
53,45	17,56
53,47	17,58
53,50	17,60
53,52	17,62
53,55	17,65
53,57	17,66
53,60	17,67
53,62	17,70
53,65	17,71
53,67	17,73
53,69	17,76
53,72	17,77
53,74	17,78
53,77	17,80
53,79	17,81
53,82	17,84
53,84	17,86
53,87	17,86
53,89	17,89
53,91	17,91
53,94	17,94
53,96	17,98
53,99	17,99
54,01	18,01
54,04	18,02
54,06	18,03
54,09	18,04
54,11	18,05
54,13	18,05
54,16	18,07
54,18	18,08
54,21	18,10
54,23	18,13
54,26	18,14
54,28	18,16
54,31	18,17
54,33	18,19
54,35	18,21
54,38	18,23
54,40	18,26
54,43	18,28
54,45	18,29
54,48	18,32
54,50	18,34
54,52	18,34
54,55	18,37
54,57	18,37
54,60	18,39
54,62	18,41
54,65	18,41
54,67	18,42
54,70	18,47
54,72	18,48
54,74	18,50
54,77	18,51
54,79	18,53
54,82	18,56
54,84	18,58
54,87	18,58
54,89	18,60
54,92	18,61
54,94	18,63
54,96	18,66
54,99	18,68
55,01	18,70
55,04	18,72
55,06	18,73
55,09	18,76
55,11	18,77
55,14	18,78
55,16	18,80
55,18	18,82
55,21	18,83
55,23	18,84
55,26	18,84
55,28	18,85
55,31	18,86
55,33	18,86
55,36	18,88
55,38	18,89
55,40	18,91
55,43	18,95
55,45	18,97
55,48	19,00
55,50	19,01
55,53	19,03
55,55	19,05
55,57	19,07
55,60	19,08
55,62	19,11
55,65	19,11
55,67	19,13
55,70	19,15
55,72	19,17
55,75	19,20
55,77	19,21
55,79	19,23
55,82	19,26
55,84	19,29
55,87	19,31
55,89	19,35
55,92	19,37
55,94	19,38
55,97	19,39
55,99	19,40
56,01	19,42
56,04	19,43
56,06	19,43
56,09	19,45
56,11	19,47
56,14	19,49
56,16	19,53
56,19	19,55
56,21	19,57
56,23	19,59
56,26	19,60
56,28	19,62
56,31	19,64
56,33	19,64
56,36	19,64
56,38	19,64
56,41	19,66
56,43	19,68
56,45	19,69
56,48	19,72
56,50	19,74
56,53	19,76
56,55	19,80
56,58	19,81
56,60	19,83
56,62	19,87
56,65	19,88
56,67	19,90
56,70	19,92
56,72	19,92
56,75	19,93
56,77	19,96
56,80	19,95
56,82	19,98
56,84	19,99
56,87	20,00
56,89	20,04
56,92	20,06
56,94	20,08
56,97	20,09
56,99	20,11
57,02	20,13
57,04	20,16
57,06	20,16
57,09	20,17
57,11	20,18
57,14	20,19
57,16	20,22
57,19	20,24
57,21	20,25
57,24	20,28
57,26	20,30
57,28	20,32
57,31	20,35
57,33	20,36
57,36	20,37
57,38	20,39
57,41	20,41
57,43	20,42
57,46	20,43
57,48	20,44
57,50	20,46
57,53	20,48
57,55	20,50
57,58	20,50
57,60	20,52
57,63	20,56
57,65	20,58
57,68	20,60
57,70	20,61
57,72	20,62
57,75	20,65
57,77	20,66
57,80	20,67
57,82	20,67
57,85	20,67
57,87	20,70
57,89	20,73
57,92	20,75
57,94	20,79
57,97	20,80
57,99	20,83
58,02	20,87
58,04	20,88
58,07	20,90
58,09	20,91
58,11	20,92
58,14	20,93
58,16	20,95
58,19	20,95
58,21	20,97
58,24	20,99
58,26	21,02
58,29	21,04
58,31	21,05
58,33	21,07
58,36	21,11
58,38	21,11
58,41	21,14
58,43	21,14
58,46	21,16
58,48	21,20
58,51	21,22
58,53	21,23
58,55	21,25
58,58	21,26
58,60	21,28
58,63	21,31
58,65	21,33
58,68	21,35
58,70	21,36
58,73	21,38
58,75	21,40
58,77	21,43
58,80	21,43
58,82	21,44
58,85	21,47
58,87	21,50
58,90	21,52
58,92	21,55
58,94	21,56
58,97	21,57
58,99	21,60
59,02	21,62
59,04	21,62
59,07	21,63
59,09	21,65
59,12	21,67
59,14	21,68
59,16	21,69
59,19	21,71
59,21	21,75
59,24	21,79
59,26	21,80
59,29	21,82
59,31	21,83
59,34	21,86
59,36	21,87
59,38	21,88
59,41	21,90
59,43	21,91
59,46	21,93
59,48	21,96
59,51	21,97
59,53	21,98
59,56	21,99
59,58	21,99
59,60	22,01
59,63	22,02
59,65	22,04
59,68	22,06
59,70	22,08
59,73	22,09
59,75	22,12
59,78	22,13
59,80	22,15
59,82	22,17
59,85	22,17
59,87	22,20
59,90	22,23
59,92	22,25
59,95	22,29
59,97	22,32
59,99	22,33
