Voltage U1	Current IA
U1/V	IA/nA

0,02	0,29
0,04	0,30
0,07	0,30
0,09	0,30
0,12	0,31
0,14	0,32
0,17	0,32
0,19	0,32
0,21	0,33
0,24	0,33
0,26	0,33
0,29	0,34
0,31	0,35
0,34	0,35
0,36	0,35
0,39	0,35
0,41	0,35
0,43	0,36
0,46	0,36
0,48	0,35
0,51	0,36
0,53	0,36
0,56	0,36
0,58	0,35
0,61	0,35
0,63	0,36
0,65	0,36
0,68	0,35
0,70	0,35
0,73	0,36
0,75	0,35
0,78	0,35
0,80	0,35
0,83	0,35
0,85	0,35
0,87	0,35
0,90	0,35
0,92	0,35
0,95	0,35
0,97	0,35
1,00	0,35
1,02	0,35
1,05	0,35
1,07	0,35
1,09	0,35
1,12	0,35
1,14	0,35
1,17	0,35
1,19	0,36
1,22	0,35
1,24	0,35
1,26	0,35
1,29	0,36
1,31	0,35
1,34	0,34
1,36	0,35
1,39	0,35
1,41	0,35
1,44	0,35
1,46	0,35
1,48	0,36
1,51	0,35
1,53	0,35
1,56	0,35
1,58	0,35
1,61	0,35
1,63	0,35
1,66	0,35
1,68	0,36
1,70	0,35
1,73	0,35
1,75	0,35
1,78	0,36
1,80	0,35
1,83	0,34
1,85	0,35
1,88	0,35
1,90	0,35
1,92	0,35
1,95	0,35
1,97	0,36
2,00	0,36
2,02	0,36
2,05	0,36
2,07	0,36
2,10	0,36
2,12	0,35
2,14	0,36
2,17	0,36
2,19	0,36
2,22	0,35
2,24	0,36
2,27	0,36
2,29	0,35
2,31	0,35
2,34	0,35
2,36	0,36
2,39	0,36
2,41	0,36
2,44	0,36
2,46	0,36
2,49	0,36
2,51	0,35
2,53	0,35
2,56	0,35
2,58	0,35
2,61	0,35
2,63	0,35
2,66	0,35
2,68	0,34
2,71	0,34
2,73	0,35
2,75	0,35
2,78	0,34
2,80	0,34
2,83	0,35
2,85	0,35
2,88	0,34
2,90	0,34
2,93	0,35
2,95	0,35
2,97	0,34
3,00	0,35
3,02	0,35
3,05	0,34
3,07	0,34
3,10	0,35
3,12	0,35
3,15	0,35
3,17	0,35
3,19	0,35
3,22	0,36
3,24	0,36
3,27	0,35
3,29	0,35
3,32	0,36
3,34	0,36
3,36	0,35
3,39	0,35
3,41	0,36
3,44	0,36
3,46	0,35
3,49	0,35
3,51	0,36
3,54	0,36
3,56	0,36
3,58	0,36
3,61	0,36
3,63	0,36
3,66	0,36
3,68	0,36
3,71	0,36
3,73	0,36
3,76	0,35
3,78	0,35
3,80	0,36
3,83	0,35
3,85	0,35
3,88	0,35
3,90	0,35
3,93	0,35
3,95	0,35
3,98	0,35
4,00	0,35
4,02	0,35
4,05	0,35
4,07	0,35
4,10	0,35
4,12	0,35
4,15	0,35
4,17	0,35
4,20	0,35
4,22	0,35
4,24	0,35
4,27	0,35
4,29	0,35
4,32	0,35
4,34	0,35
4,37	0,35
4,39	0,35
4,42	0,35
4,44	0,36
4,46	0,36
4,49	0,36
4,51	0,36
4,54	0,37
4,56	0,37
4,59	0,38
4,61	0,38
4,63	0,39
4,66	0,40
4,68	0,40
4,71	0,41
4,73	0,42
4,76	0,43
4,78	0,44
4,81	0,45
4,83	0,47
4,85	0,49
4,88	0,50
4,90	0,52
4,93	0,54
4,95	0,56
4,98	0,58
5,00	0,59
5,03	0,62
5,05	0,65
5,07	0,67
5,10	0,69
5,12	0,72
5,15	0,76
5,17	0,78
5,20	0,81
5,22	0,84
5,25	0,88
5,27	0,90
5,29	0,93
5,32	0,97
5,34	1,00
5,37	1,03
5,39	1,06
5,42	1,10
5,44	1,14
5,47	1,17
5,49	1,20
5,51	1,23
5,54	1,27
5,56	1,30
5,59	1,33
5,61	1,37
5,64	1,41
5,66	1,44
5,68	1,46
5,71	1,50
5,73	1,53
5,76	1,56
5,78	1,59
5,81	1,62
5,83	1,66
5,86	1,68
5,88	1,71
5,90	1,74
5,93	1,77
5,95	1,80
5,98	1,83
6,00	1,86
6,03	1,89
6,05	1,91
6,08	1,94
6,10	1,97
6,12	2,00
6,15	2,02
6,17	2,05
6,20	2,07
6,22	2,10
6,25	2,12
6,27	2,15
6,30	2,18
6,32	2,20
6,34	2,22
6,37	2,25
6,39	2,27
6,42	2,29
6,44	2,31
6,47	2,34
6,49	2,37
6,52	2,39
6,54	2,41
6,56	2,43
6,59	2,46
6,61	2,48
6,64	2,50
6,66	2,52
6,69	2,55
6,71	2,57
6,73	2,58
6,76	2,61
6,78	2,64
6,81	2,66
6,83	2,68
6,86	2,70
6,88	2,73
6,91	2,75
6,93	2,76
6,95	2,79
6,98	2,81
7,00	2,83
7,03	2,85
7,05	2,87
7,08	2,90
7,10	2,92
7,13	2,93
7,15	2,96
7,17	2,99
7,20	3,00
7,22	3,02
7,25	3,05
7,27	3,07
7,30	3,09
7,32	3,11
7,35	3,13
7,37	3,16
7,39	3,18
7,42	3,19
7,44	3,21
7,47	3,24
7,49	3,26
7,52	3,27
7,54	3,30
7,57	3,32
7,59	3,34
7,61	3,36
7,64	3,38
7,66	3,40
7,69	3,42
7,71	3,44
7,74	3,46
7,76	3,49
7,78	3,50
7,81	3,52
7,83	3,55
7,86	3,57
7,88	3,59
7,91	3,61
7,93	3,63
7,96	3,65
7,98	3,67
8,00	3,69
8,03	3,72
8,05	3,74
8,08	3,75
8,10	3,77
8,13	3,79
8,15	3,81
8,18	3,83
8,20	3,85
8,22	3,87
8,25	3,89
8,27	3,90
8,30	3,93
8,32	3,95
8,35	3,96
8,37	3,98
8,40	4,00
8,42	4,02
8,44	4,03
8,47	4,05
8,49	4,07
8,52	4,09
8,54	4,10
8,57	4,12
8,59	4,14
8,62	4,16
8,64	4,17
8,66	4,18
8,69	4,20
8,71	4,22
8,74	4,23
8,76	4,25
8,79	4,27
8,81	4,29
8,84	4,30
8,86	4,30
8,88	4,33
8,91	4,34
8,93	4,36
8,96	4,37
8,98	4,39
9,01	4,41
9,03	4,42
9,05	4,43
9,08	4,45
9,10	4,47
9,13	4,48
9,15	4,49
9,18	4,51
9,20	4,53
9,23	4,54
9,25	4,55
9,27	4,57
9,30	4,58
9,32	4,59
9,35	4,60
9,37	4,62
9,40	4,63
9,42	4,64
9,45	4,66
9,47	4,68
9,49	4,69
9,52	4,71
9,54	4,72
9,57	4,73
9,59	4,74
9,62	4,75
9,64	4,77
9,67	4,79
9,69	4,80
9,71	4,81
9,74	4,82
9,76	4,84
9,79	4,85
9,81	4,86
9,84	4,87
9,86	4,89
9,89	4,90
9,91	4,91
9,93	4,93
9,96	4,94
9,98	4,96
10,01	4,97
10,03	4,98
10,06	5,00
10,08	5,00
10,10	5,01
10,13	5,03
10,15	5,04
10,18	5,05
10,20	5,06
10,23	5,08
10,25	5,09
10,28	5,10
10,30	5,11
10,32	5,13
10,35	5,14
10,37	5,15
10,40	5,16
10,42	5,18
10,45	5,19
10,47	5,20
10,50	5,21
10,52	5,23
10,54	5,24
10,57	5,25
10,59	5,26
10,62	5,27
10,64	5,28
10,67	5,29
10,69	5,30
10,72	5,32
10,74	5,34
10,76	5,34
10,79	5,35
10,81	5,36
10,84	5,38
10,86	5,38
10,89	5,40
10,91	5,41
10,94	5,42
10,96	5,43
10,98	5,44
11,01	5,46
11,03	5,47
11,06	5,47
11,08	5,48
11,11	5,50
11,13	5,51
11,15	5,52
11,18	5,53
11,20	5,54
11,23	5,55
11,25	5,56
11,28	5,57
11,30	5,58
11,33	5,59
11,35	5,60
11,37	5,61
11,40	5,62
11,42	5,63
11,45	5,64
11,47	5,65
11,50	5,66
11,52	5,67
11,55	5,68
11,57	5,69
11,59	5,71
11,62	5,72
11,64	5,73
11,67	5,74
11,69	5,75
11,72	5,76
11,74	5,77
11,77	5,78
11,79	5,79
11,81	5,80
11,84	5,81
11,86	5,82
11,89	5,84
11,91	5,85
11,94	5,86
11,96	5,87
11,99	5,89
12,01	5,89
12,03	5,90
12,06	5,91
12,08	5,93
12,11	5,94
12,13	5,95
12,16	5,96
12,18	5,97
12,21	5,98
12,23	5,99
12,25	6,00
12,28	6,02
12,30	6,02
12,33	6,03
12,35	6,05
12,38	6,06
12,40	6,07
12,42	6,08
12,45	6,09
12,47	6,10
12,50	6,11
12,52	6,11
12,55	6,13
12,57	6,14
12,60	6,15
12,62	6,16
12,64	6,17
12,67	6,18
12,69	6,19
12,72	6,20
12,74	6,21
12,77	6,22
12,79	6,23
12,82	6,24
12,84	6,25
12,86	6,26
12,89	6,27
12,91	6,27
12,94	6,29
12,96	6,30
12,99	6,30
13,01	6,31
13,04	6,32
13,06	6,33
13,08	6,34
13,11	6,35
13,13	6,37
13,16	6,37
13,18	6,38
13,21	6,39
13,23	6,40
13,26	6,41
13,28	6,42
13,30	6,43
13,33	6,44
13,35	6,45
13,38	6,46
13,40	6,47
13,43	6,49
13,45	6,50
13,47	6,50
13,50	6,51
13,52	6,53
13,55	6,54
13,57	6,55
13,60	6,56
13,62	6,58
13,65	6,58
13,67	6,59
13,69	6,61
13,72	6,62
13,74	6,62
13,77	6,63
13,79	6,64
13,82	6,65
13,84	6,66
13,87	6,66
13,89	6,68
13,91	6,69
13,94	6,70
13,96	6,71
13,99	6,72
14,01	6,73
14,04	6,74
14,06	6,75
14,09	6,76
14,11	6,77
14,13	6,78
14,16	6,79
14,18	6,80
14,21	6,81
14,23	6,82
14,26	6,82
14,28	6,84
14,31	6,85
14,33	6,85
14,35	6,86
14,38	6,87
14,40	6,88
14,43	6,89
14,45	6,89
14,48	6,91
14,50	6,91
14,52	6,92
14,55	6,93
14,57	6,94
14,60	6,94
14,62	6,94
14,65	6,95
14,67	6,96
14,70	6,96
14,72	6,96
14,74	6,97
14,77	6,97
14,79	6,98
14,82	6,98
14,84	6,98
14,87	6,99
14,89	6,99
14,92	6,99
14,94	6,99
14,96	6,99
14,99	6,99
15,01	6,98
15,04	6,98
15,06	6,98
15,09	6,98
15,11	6,97
15,14	6,97
15,16	6,96
15,18	6,96
15,21	6,95
15,23	6,94
15,26	6,94
15,28	6,93
15,31	6,92
15,33	6,91
15,36	6,90
15,38	6,89
15,40	6,88
15,43	6,87
15,45	6,86
15,48	6,84
15,50	6,83
15,53	6,82
15,55	6,80
15,57	6,78
15,60	6,76
15,62	6,75
15,65	6,73
15,67	6,71
15,70	6,69
15,72	6,68
15,75	6,66
15,77	6,64
15,79	6,62
15,82	6,60
15,84	6,58
15,87	6,55
15,89	6,53
15,92	6,51
15,94	6,49
15,97	6,46
15,99	6,44
16,01	6,42
16,04	6,40
16,06	6,37
16,09	6,34
16,11	6,32
16,14	6,30
16,16	6,26
16,19	6,24
16,21	6,22
16,23	6,19
16,26	6,16
16,28	6,13
16,31	6,11
16,33	6,08
16,36	6,05
16,38	6,02
16,41	5,99
16,43	5,96
16,45	5,92
16,48	5,89
16,50	5,87
16,53	5,84
16,55	5,80
16,58	5,77
16,60	5,74
16,63	5,70
16,65	5,66
16,67	5,63
16,70	5,60
16,72	5,57
16,75	5,53
16,77	5,49
16,80	5,46
16,82	5,42
16,84	5,38
16,87	5,35
16,89	5,31
16,92	5,28
16,94	5,24
16,97	5,20
16,99	5,17
17,02	5,13
17,04	5,09
17,06	5,06
17,09	5,02
17,11	4,98
17,14	4,94
17,16	4,90
17,19	4,87
17,21	4,83
17,24	4,79
17,26	4,75
17,28	4,72
17,31	4,68
17,33	4,64
17,36	4,60
17,38	4,56
17,41	4,52
17,43	4,48
17,46	4,44
17,48	4,41
17,50	4,36
17,53	4,32
17,55	4,29
17,58	4,25
17,60	4,20
17,63	4,16
17,65	4,12
17,68	4,08
17,70	4,03
17,72	3,99
17,75	3,96
17,77	3,92
17,80	3,87
17,82	3,83
17,85	3,79
17,87	3,75
17,89	3,71
17,92	3,67
17,94	3,64
17,97	3,60
17,99	3,55
18,02	3,51
18,04	3,48
18,07	3,44
18,09	3,39
18,11	3,35
18,14	3,32
18,16	3,28
18,19	3,23
18,21	3,20
18,24	3,16
18,26	3,13
18,29	3,08
18,31	3,04
18,33	3,01
18,36	2,97
18,38	2,93
18,41	2,89
18,43	2,85
18,46	2,81
18,48	2,77
18,51	2,73
18,53	2,70
18,55	2,66
18,58	2,62
18,60	2,58
18,63	2,55
18,65	2,52
18,68	2,48
18,70	2,44
18,73	2,41
18,75	2,37
18,77	2,33
18,80	2,30
18,82	2,26
18,85	2,23
18,87	2,19
18,90	2,16
18,92	2,13
18,94	2,09
18,97	2,06
18,99	2,03
19,02	2,00
19,04	1,97
19,07	1,93
19,09	1,90
19,12	1,88
19,14	1,84
19,16	1,81
19,19	1,78
19,21	1,76
19,24	1,72
19,26	1,69
19,29	1,67
19,31	1,64
19,34	1,60
19,36	1,58
19,38	1,55
19,41	1,53
19,43	1,50
19,46	1,47
19,48	1,45
19,51	1,42
19,53	1,38
19,56	1,36
19,58	1,34
19,60	1,31
19,63	1,29
19,65	1,26
19,68	1,24
19,70	1,21
19,73	1,19
19,75	1,16
19,78	1,14
19,80	1,12
19,82	1,09
19,85	1,07
19,87	1,05
19,90	1,03
19,92	1,00
19,95	0,98
19,97	0,96
19,99	0,94
20,02	0,91
20,04	0,89
20,07	0,87
20,09	0,85
20,12	0,82
20,14	0,81
20,17	0,79
20,19	0,77
20,21	0,75
20,24	0,73
20,26	0,71
20,29	0,69
20,31	0,67
20,34	0,66
20,36	0,64
20,39	0,62
20,41	0,60
20,43	0,59
20,46	0,58
20,48	0,56
20,51	0,54
20,53	0,52
20,56	0,51
20,58	0,49
20,61	0,47
20,63	0,46
20,65	0,45
20,68	0,43
20,70	0,42
20,73	0,41
20,75	0,39
20,78	0,37
20,80	0,36
20,83	0,35
20,85	0,34
20,87	0,32
20,90	0,31
20,92	0,30
20,95	0,29
20,97	0,27
21,00	0,26
21,02	0,25
21,05	0,24
21,07	0,23
21,09	0,21
21,12	0,20
21,14	0,20
21,17	0,18
21,19	0,17
21,22	0,16
21,24	0,15
21,26	0,14
21,29	0,14
21,31	0,13
21,34	0,13
21,36	0,12
21,39	0,11
21,41	0,11
21,44	0,11
21,46	0,10
21,48	0,10
21,51	0,10
21,53	0,10
21,56	0,09
21,58	0,09
21,61	0,09
21,63	0,09
21,66	0,09
21,68	0,09
21,70	0,10
21,73	0,10
21,75	0,10
21,78	0,11
21,80	0,13
21,83	0,14
21,85	0,15
21,88	0,16
21,90	0,18
21,92	0,19
21,95	0,20
21,97	0,22
22,00	0,24
22,02	0,26
22,05	0,28
22,07	0,31
22,10	0,34
22,12	0,37
22,14	0,39
22,17	0,43
22,19	0,46
22,22	0,50
22,24	0,53
22,27	0,57
22,29	0,62
22,31	0,66
22,34	0,70
22,36	0,75
22,39	0,80
22,41	0,85
22,44	0,89
22,46	0,94
22,49	0,99
22,51	1,05
22,53	1,10
22,56	1,15
22,58	1,21
22,61	1,27
22,63	1,32
22,66	1,38
22,68	1,43
22,71	1,49
22,73	1,54
22,75	1,60
22,78	1,66
22,80	1,72
22,83	1,78
22,85	1,84
22,88	1,90
22,90	1,95
22,93	2,01
22,95	2,07
22,97	2,13
23,00	2,18
23,02	2,25
23,05	2,31
23,07	2,36
23,10	2,42
23,12	2,48
23,15	2,54
23,17	2,59
23,19	2,64
23,22	2,71
23,24	2,77
23,27	2,82
23,29	2,87
23,32	2,93
23,34	2,99
23,36	3,05
23,39	3,10
23,41	3,16
23,44	3,21
23,46	3,27
23,49	3,31
23,51	3,37
23,54	3,43
23,56	3,48
23,58	3,53
23,61	3,59
23,63	3,65
23,66	3,70
23,68	3,74
23,71	3,79
23,73	3,85
23,76	3,90
23,78	3,95
23,80	4,01
23,83	4,06
23,85	4,12
23,88	4,16
23,90	4,21
23,93	4,27
23,95	4,32
23,98	4,37
24,00	4,42
24,02	4,47
24,05	4,53
24,07	4,58
24,10	4,63
24,12	4,68
24,15	4,73
24,17	4,78
24,20	4,83
24,22	4,89
24,24	4,94
24,27	4,99
24,29	5,04
24,32	5,09
24,34	5,14
24,37	5,19
24,39	5,24
24,42	5,29
24,44	5,34
24,46	5,39
24,49	5,45
24,51	5,50
24,54	5,55
24,56	5,61
24,59	5,66
24,61	5,71
24,63	5,76
24,66	5,81
24,68	5,86
24,71	5,91
24,73	5,96
24,76	6,02
24,78	6,07
24,81	6,12
24,83	6,17
24,85	6,22
24,88	6,28
24,90	6,33
24,93	6,37
24,95	6,43
24,98	6,48
25,00	6,53
25,03	6,58
25,05	6,63
25,07	6,69
25,10	6,74
25,12	6,78
25,15	6,83
25,17	6,89
25,20	6,93
25,22	6,98
25,25	7,03
25,27	7,09
25,29	7,13
25,32	7,18
25,34	7,23
25,37	7,28
25,39	7,33
25,42	7,37
25,44	7,42
25,47	7,47
25,49	7,52
25,51	7,56
25,54	7,61
25,56	7,66
25,59	7,71
25,61	7,74
25,64	7,79
25,66	7,84
25,68	7,89
25,71	7,93
25,73	7,98
25,76	8,02
25,78	8,07
25,81	8,11
25,83	8,15
25,86	8,20
25,88	8,24
25,90	8,28
25,93	8,33
25,95	8,37
25,98	8,41
26,00	8,46
26,03	8,50
26,05	8,55
26,08	8,58
26,10	8,63
26,12	8,67
26,15	8,71
26,17	8,75
26,20	8,79
26,22	8,83
26,25	8,87
26,27	8,91
26,30	8,95
26,32	8,99
26,34	9,03
26,37	9,06
26,39	9,10
26,42	9,14
26,44	9,18
26,47	9,22
26,49	9,26
26,52	9,29
26,54	9,32
26,56	9,36
26,59	9,40
26,61	9,44
26,64	9,47
26,66	9,50
26,69	9,54
26,71	9,58
26,73	9,61
26,76	9,64
26,78	9,68
26,81	9,71
26,83	9,74
26,86	9,78
26,88	9,81
26,91	9,84
26,93	9,88
26,95	9,91
26,98	9,94
27,00	9,97
27,03	10,00
27,05	10,04
27,08	10,06
27,10	10,09
27,13	10,13
27,15	10,16
27,17	10,19
27,20	10,22
27,22	10,25
27,25	10,28
27,27	10,31
27,30	10,34
27,32	10,37
27,35	10,40
27,37	10,43
27,39	10,46
27,42	10,49
27,44	10,52
27,47	10,55
27,49	10,58
27,52	10,60
27,54	10,63
27,57	10,66
27,59	10,69
27,61	10,72
27,64	10,75
27,66	10,78
27,69	10,80
27,71	10,83
27,74	10,86
27,76	10,89
27,78	10,91
27,81	10,94
27,83	10,97
27,86	11,00
27,88	11,02
27,91	11,05
27,93	11,08
27,96	11,10
27,98	11,12
28,00	11,15
28,03	11,17
28,05	11,20
28,08	11,22
28,10	11,25
28,13	11,28
28,15	11,30
28,18	11,32
28,20	11,35
28,22	11,37
28,25	11,39
28,27	11,41
28,30	11,44
28,32	11,47
28,35	11,49
28,37	11,51
28,40	11,54
28,42	11,57
28,44	11,59
28,47	11,60
28,49	11,63
28,52	11,66
28,54	11,68
28,57	11,69
28,59	11,72
28,62	11,75
28,64	11,77
28,66	11,79
28,69	11,82
28,71	11,84
28,74	11,86
28,76	11,88
28,79	11,90
28,81	11,93
28,84	11,95
28,86	11,97
28,88	11,99
28,91	12,03
28,93	12,05
28,96	12,06
28,98	12,09
29,01	12,11
29,03	12,13
29,05	12,15
29,08	12,17
29,10	12,20
29,13	12,22
29,15	12,24
29,18	12,27
29,20	12,29
29,23	12,31
29,25	12,32
29,27	12,35
29,30	12,38
29,32	12,40
29,35	12,41
29,37	12,44
29,40	12,46
29,42	12,48
29,45	12,49
29,47	12,51
29,49	12,53
29,52	12,55
29,54	12,57
29,57	12,59
29,59	12,61
29,62	12,63
29,64	12,65
29,67	12,67
29,69	12,69
29,71	12,71
29,74	12,73
29,76	12,75
29,79	12,77
29,81	12,79
29,84	12,81
29,86	12,82
29,89	12,84
29,91	12,86
29,93	12,88
29,96	12,89
29,98	12,91
30,01	12,93
30,03	12,95
30,06	12,97
30,08	12,99
30,10	13,00
30,13	13,03
30,15	13,05
30,18	13,07
30,20	13,08
30,23	13,10
30,25	13,13
30,28	13,14
30,30	13,16
30,32	13,18
30,35	13,20
30,37	13,21
30,40	13,23
30,42	13,25
30,45	13,27
30,47	13,28
30,50	13,30
30,52	13,32
30,54	13,35
30,57	13,36
30,59	13,38
30,62	13,40
30,64	13,42
30,67	13,43
30,69	13,45
30,72	13,47
30,74	13,49
30,76	13,50
30,79	13,52
30,81	13,54
30,84	13,56
30,86	13,57
30,89	13,58
30,91	13,60
30,94	13,62
30,96	13,63
30,98	13,65
31,01	13,67
31,03	13,69
31,06	13,70
31,08	13,71
31,11	13,73
31,13	13,75
31,15	13,76
31,18	13,77
31,20	13,78
31,23	13,80
31,25	13,81
31,28	13,82
31,30	13,84
31,33	13,85
31,35	13,87
31,37	13,88
31,40	13,89
31,42	13,90
31,45	13,91
31,47	13,92
31,50	13,93
31,52	13,93
31,55	13,94
31,57	13,95
31,59	13,96
31,62	13,96
31,64	13,96
31,67	13,97
31,69	13,97
31,72	13,97
31,74	13,97
31,77	13,97
31,79	13,98
31,81	13,97
31,84	13,96
31,86	13,96
31,89	13,95
31,91	13,94
31,94	13,93
31,96	13,92
31,99	13,91
32,01	13,89
32,03	13,88
32,06	13,87
32,08	13,85
32,11	13,83
32,13	13,80
32,16	13,79
32,18	13,77
32,20	13,74
32,23	13,71
32,25	13,69
32,28	13,66
32,30	13,63
32,33	13,59
32,35	13,56
32,38	13,53
32,40	13,49
32,42	13,45
32,45	13,42
32,47	13,39
32,50	13,34
32,52	13,30
32,55	13,26
32,57	13,23
32,60	13,18
32,62	13,13
32,64	13,09
32,67	13,05
32,69	12,99
32,72	12,94
32,74	12,90
32,77	12,86
32,79	12,80
32,82	12,75
32,84	12,70
32,86	12,65
32,89	12,59
32,91	12,53
32,94	12,48
32,96	12,43
32,99	12,37
33,01	12,31
33,04	12,26
33,06	12,20
33,08	12,14
33,11	12,08
33,13	12,02
33,16	11,96
33,18	11,90
33,21	11,83
33,23	11,77
33,26	11,71
33,28	11,64
33,30	11,58
33,33	11,51
33,35	11,45
33,38	11,38
33,40	11,31
33,43	11,24
33,45	11,18
33,47	11,11
33,50	11,04
33,52	10,97
33,55	10,90
33,57	10,83
33,60	10,76
33,62	10,68
33,65	10,61
33,67	10,54
33,69	10,47
33,72	10,39
33,74	10,32
33,77	10,25
33,79	10,18
33,82	10,10
33,84	10,02
33,87	9,94
33,89	9,87
33,91	9,80
33,94	9,72
33,96	9,64
33,99	9,57
34,01	9,49
34,04	9,41
34,06	9,33
34,09	9,26
34,11	9,18
34,13	9,10
34,16	9,02
34,18	8,95
34,21	8,88
34,23	8,80
34,26	8,72
34,28	8,64
34,31	8,57
34,33	8,48
34,35	8,40
34,38	8,33
34,40	8,26
34,43	8,17
34,45	8,09
34,48	8,02
34,50	7,95
34,52	7,86
34,55	7,78
34,57	7,71
34,60	7,64
34,62	7,55
34,65	7,47
34,67	7,40
34,70	7,33
34,72	7,24
34,74	7,16
34,77	7,09
34,79	7,02
34,82	6,94
34,84	6,86
34,87	6,79
34,89	6,72
34,92	6,64
34,94	6,57
34,96	6,49
34,99	6,42
35,01	6,34
35,04	6,27
35,06	6,19
35,09	6,11
35,11	6,04
35,14	5,97
35,16	5,90
35,18	5,83
35,21	5,75
35,23	5,68
35,26	5,61
35,28	5,54
35,31	5,47
35,33	5,40
35,36	5,33
35,38	5,26
35,40	5,19
35,43	5,13
35,45	5,06
35,48	4,99
35,50	4,91
35,53	4,85
35,55	4,78
35,57	4,72
35,60	4,64
35,62	4,58
35,65	4,52
35,67	4,45
35,70	4,38
35,72	4,32
35,75	4,26
35,77	4,19
35,79	4,12
35,82	4,06
35,84	4,00
35,87	3,93
35,89	3,87
35,92	3,81
35,94	3,75
35,97	3,68
35,99	3,62
36,01	3,56
36,04	3,50
36,06	3,44
36,09	3,37
36,11	3,32
36,14	3,26
36,16	3,20
36,19	3,14
36,21	3,08
36,23	3,02
36,26	2,96
36,28	2,90
36,31	2,85
36,33	2,79
36,36	2,73
36,38	2,67
36,41	2,62
36,43	2,57
36,45	2,50
36,48	2,45
36,50	2,40
36,53	2,34
36,55	2,29
36,58	2,23
36,60	2,18
36,62	2,13
36,65	2,07
36,67	2,02
36,70	1,97
36,72	1,92
36,75	1,87
36,77	1,81
36,80	1,76
36,82	1,72
36,84	1,66
36,87	1,61
36,89	1,57
36,92	1,52
36,94	1,47
36,97	1,42
36,99	1,37
37,02	1,33
37,04	1,28
37,06	1,23
37,09	1,19
37,11	1,15
37,14	1,10
37,16	1,06
37,19	1,02
37,21	0,97
37,24	0,93
37,26	0,89
37,28	0,85
37,31	0,81
37,33	0,76
37,36	0,73
37,38	0,69
37,41	0,65
37,43	0,60
37,46	0,57
37,48	0,53
37,50	0,49
37,53	0,45
37,55	0,42
37,58	0,39
37,60	0,36
37,63	0,32
37,65	0,30
37,68	0,27
37,70	0,25
37,72	0,22
37,75	0,20
37,77	0,18
37,80	0,16
37,82	0,13
37,85	0,12
37,87	0,11
37,89	0,09
37,92	0,07
37,94	0,06
37,97	0,06
37,99	0,04
38,02	0,03
38,04	0,03
38,07	0,03
38,09	0,02
38,11	0,01
38,14	0,01
38,16	0,01
38,19	0,01
38,21	0,01
38,24	0,01
38,26	0,01
38,29	0,01
38,31	0,01
38,33	0,01
38,36	0,01
38,38	0,01
38,41	0,01
38,43	0,01
38,46	0,01
38,48	0,01
38,51	0,01
38,53	0,01
38,55	0,01
38,58	0,01
38,60	0,01
38,63	0,01
38,65	0,01
38,68	0,01
38,70	0,01
38,73	0,01
38,75	0,01
38,77	0,01
38,80	0,01
38,82	0,01
38,85	0,01
38,87	0,01
38,90	0,02
38,92	0,02
38,94	0,02
38,97	0,03
38,99	0,05
39,02	0,06
39,04	0,07
39,07	0,10
39,09	0,12
39,12	0,15
39,14	0,17
39,16	0,20
39,19	0,23
39,21	0,26
39,24	0,30
39,26	0,34
39,29	0,39
39,31	0,43
39,34	0,47
39,36	0,52
39,38	0,58
39,41	0,63
39,43	0,68
39,46	0,75
39,48	0,81
39,51	0,87
39,53	0,93
39,56	1,00
39,58	1,07
39,60	1,13
39,63	1,19
39,65	1,26
39,68	1,33
39,70	1,40
39,73	1,46
39,75	1,52
39,78	1,59
39,80	1,66
39,82	1,72
39,85	1,78
39,87	1,85
39,90	1,91
39,92	1,97
39,95	2,03
39,97	2,10
39,99	2,16
40,02	2,22
40,04	2,29
40,07	2,35
40,09	2,41
40,12	2,47
40,14	2,53
40,17	2,59
40,19	2,65
40,21	2,71
40,24	2,77
40,26	2,84
40,29	2,90
40,31	2,95
40,34	3,01
40,36	3,08
40,39	3,14
40,41	3,19
40,43	3,26
40,46	3,32
40,48	3,39
40,51	3,45
40,53	3,51
40,56	3,58
40,58	3,64
40,61	3,70
40,63	3,77
40,65	3,83
40,68	3,90
40,70	3,96
40,73	4,03
40,75	4,10
40,78	4,17
40,80	4,24
40,83	4,31
40,85	4,38
40,87	4,46
40,90	4,52
40,92	4,60
40,95	4,67
40,97	4,74
41,00	4,82
41,02	4,89
41,05	4,97
41,07	5,04
41,09	5,12
41,12	5,20
41,14	5,27
41,17	5,35
41,19	5,43
41,22	5,51
41,24	5,59
41,26	5,66
41,29	5,74
41,31	5,82
41,34	5,90
41,36	5,97
41,39	6,05
41,41	6,13
41,44	6,21
41,46	6,29
41,48	6,37
41,51	6,45
41,53	6,53
41,56	6,60
41,58	6,69
41,61	6,77
41,63	6,85
41,66	6,92
41,68	7,01
41,70	7,09
41,73	7,16
41,75	7,24
41,78	7,32
41,80	7,40
41,83	7,48
41,85	7,55
41,88	7,62
41,90	7,71
41,92	7,78
41,95	7,85
41,97	7,93
42,00	8,01
42,02	8,08
42,05	8,16
42,07	8,23
42,10	8,31
42,12	8,38
42,14	8,45
42,17	8,53
42,19	8,60
42,22	8,67
42,24	8,74
42,27	8,82
42,29	8,89
42,31	8,96
42,34	9,03
42,36	9,10
42,39	9,18
42,41	9,25
42,44	9,31
42,46	9,39
42,49	9,46
42,51	9,53
42,53	9,60
42,56	9,68
42,58	9,74
42,61	9,81
42,63	9,88
42,66	9,95
42,68	10,02
42,71	10,09
42,73	10,16
42,75	10,22
42,78	10,29
42,80	10,36
42,83	10,42
42,85	10,50
42,88	10,57
42,90	10,63
42,93	10,70
42,95	10,78
42,97	10,84
43,00	10,90
43,02	10,97
43,05	11,04
43,07	11,10
43,10	11,16
43,12	11,23
43,15	11,30
43,17	11,36
43,19	11,43
43,22	11,49
43,24	11,57
43,27	11,63
43,29	11,69
43,32	11,75
43,34	11,82
43,36	11,88
43,39	11,94
43,41	12,00
43,44	12,07
43,46	12,13
43,49	12,19
43,51	12,25
43,54	12,32
43,56	12,38
43,58	12,43
43,61	12,49
43,63	12,56
43,66	12,62
43,68	12,67
43,71	12,74
43,73	12,80
43,76	12,86
43,78	12,91
43,80	12,97
43,83	13,03
43,85	13,08
43,88	13,14
43,90	13,20
43,93	13,26
43,95	13,31
43,98	13,37
44,00	13,42
44,02	13,48
44,05	13,53
44,07	13,59
44,10	13,65
44,12	13,71
44,15	13,76
44,17	13,81
44,20	13,87
44,22	13,93
44,24	13,98
44,27	14,03
44,29	14,09
44,32	14,14
44,34	14,19
44,37	14,24
44,39	14,29
44,41	14,35
44,44	14,40
44,46	14,46
44,49	14,51
44,51	14,56
44,54	14,61
44,56	14,66
44,59	14,71
44,61	14,77
44,63	14,81
44,66	14,87
44,68	14,92
44,71	14,97
44,73	15,02
44,76	15,07
44,78	15,12
44,81	15,16
44,83	15,20
44,85	15,26
44,88	15,31
44,90	15,36
44,93	15,40
44,95	15,45
44,98	15,50
45,00	15,54
45,03	15,59
45,05	15,64
45,07	15,69
45,10	15,73
45,12	15,78
45,15	15,83
45,17	15,88
45,20	15,92
45,22	15,96
45,25	16,01
45,27	16,06
45,29	16,10
45,32	16,14
45,34	16,19
45,37	16,24
45,39	16,28
45,42	16,32
45,44	16,37
45,47	16,42
45,49	16,46
45,51	16,50
45,54	16,54
45,56	16,60
45,59	16,64
45,61	16,68
45,64	16,72
45,66	16,77
45,68	16,81
45,71	16,84
45,73	16,89
45,76	16,93
45,78	16,97
45,81	17,00
45,83	17,05
45,86	17,10
45,88	17,14
45,90	17,18
45,93	17,21
45,95	17,26
45,98	17,30
46,00	17,33
46,03	17,37
46,05	17,41
46,08	17,45
46,10	17,49
46,12	17,53
46,15	17,57
46,17	17,61
46,20	17,65
46,22	17,69
46,25	17,72
46,27	17,76
46,30	17,80
46,32	17,84
46,34	17,88
46,37	17,91
46,39	17,96
46,42	18,00
46,44	18,03
46,47	18,07
46,49	18,11
46,52	18,15
46,54	18,19
46,56	18,23
46,59	18,27
46,61	18,31
46,64	18,34
46,66	18,38
46,69	18,42
46,71	18,46
46,73	18,49
46,76	18,52
46,78	18,57
46,81	18,60
46,83	18,64
46,86	18,67
46,88	18,70
46,91	18,75
46,93	18,78
46,95	18,80
46,98	18,84
47,00	18,88
47,03	18,91
47,05	18,94
47,08	18,98
47,10	19,02
47,13	19,05
47,15	19,07
47,17	19,11
47,20	19,15
47,22	19,18
47,25	19,21
47,27	19,24
47,30	19,29
47,32	19,31
47,35	19,34
47,37	19,38
47,39	19,42
47,42	19,45
47,44	19,47
47,47	19,51
47,49	19,55
47,52	19,57
47,54	19,60
47,57	19,63
47,59	19,67
47,61	19,70
47,64	19,73
47,66	19,76
47,69	19,80
47,71	19,82
47,74	19,85
47,76	19,89
47,78	19,92
47,81	19,95
47,83	19,98
47,86	20,01
47,88	20,04
47,91	20,06
47,93	20,09
47,96	20,11
47,98	20,14
48,00	20,17
48,03	20,19
48,05	20,22
48,08	20,24
48,10	20,26
48,13	20,29
48,15	20,31
48,18	20,33
48,20	20,35
48,22	20,37
48,25	20,39
48,27	20,41
48,30	20,42
48,32	20,44
48,35	20,46
48,37	20,47
48,40	20,48
48,42	20,50
48,44	20,51
48,47	20,51
48,49	20,52
48,52	20,53
48,54	20,54
48,57	20,54
48,59	20,54
48,62	20,54
48,64	20,55
48,66	20,54
48,69	20,54
48,71	20,54
48,74	20,54
48,76	20,54
48,79	20,53
48,81	20,52
48,84	20,52
48,86	20,51
48,88	20,49
48,91	20,48
48,93	20,47
48,96	20,45
48,98	20,43
49,01	20,42
49,03	20,40
49,05	20,38
49,08	20,35
49,10	20,34
49,13	20,32
49,15	20,29
49,18	20,26
49,20	20,24
49,23	20,22
49,25	20,19
49,27	20,15
49,30	20,12
49,32	20,10
49,35	20,06
49,37	20,02
49,40	19,98
49,42	19,95
49,45	19,91
49,47	19,87
49,49	19,83
49,52	19,79
49,54	19,75
49,57	19,71
49,59	19,66
49,62	19,62
49,64	19,57
49,67	19,53
49,69	19,49
49,71	19,44
49,74	19,39
49,76	19,34
49,79	19,30
49,81	19,25
49,84	19,19
49,86	19,15
49,89	19,09
49,91	19,04
49,93	18,99
49,96	18,95
49,98	18,90
50,01	18,84
50,03	18,78
50,06	18,73
50,08	18,68
50,10	18,62
50,13	18,56
50,15	18,51
50,18	18,45
50,20	18,39
50,23	18,33
50,25	18,27
50,28	18,22
50,30	18,15
50,32	18,08
50,35	18,02
50,37	17,96
50,40	17,89
50,42	17,82
50,45	17,76
50,47	17,70
50,50	17,63
50,52	17,56
50,54	17,49
50,57	17,42
50,59	17,34
50,62	17,26
50,64	17,19
50,67	17,12
50,69	17,04
50,72	16,97
50,74	16,89
50,76	16,83
50,79	16,75
50,81	16,67
50,84	16,59
50,86	16,52
50,89	16,43
50,91	16,35
50,94	16,27
50,96	16,20
50,98	16,11
51,01	16,03
51,03	15,95
51,06	15,87
51,08	15,78
51,11	15,70
51,13	15,62
51,15	15,54
51,18	15,46
51,20	15,37
51,23	15,29
51,25	15,21
51,28	15,13
51,30	15,04
51,33	14,96
51,35	14,88
51,37	14,79
51,40	14,71
51,42	14,63
51,45	14,54
51,47	14,46
51,50	14,37
51,52	14,28
51,55	14,21
51,57	14,12
51,59	14,03
51,62	13,95
51,64	13,87
51,67	13,78
51,69	13,69
51,72	13,61
51,74	13,53
51,77	13,44
51,79	13,36
51,81	13,27
51,84	13,19
51,86	13,11
51,89	13,02
51,91	12,94
51,94	12,85
51,96	12,76
51,99	12,68
52,01	12,59
52,03	12,49
52,06	12,41
52,08	12,32
52,11	12,24
52,13	12,15
52,16	12,06
52,18	11,98
52,20	11,90
52,23	11,81
52,25	11,72
52,28	11,63
52,30	11,55
52,33	11,46
52,35	11,36
52,38	11,28
52,40	11,20
52,42	11,11
52,45	11,01
52,47	10,93
52,50	10,84
52,52	10,75
52,55	10,66
52,57	10,58
52,60	10,49
52,62	10,40
52,64	10,31
52,67	10,23
52,69	10,14
52,72	10,05
52,74	9,96
52,77	9,88
52,79	9,79
52,82	9,70
52,84	9,61
52,86	9,52
52,89	9,44
52,91	9,35
52,94	9,26
52,96	9,17
52,99	9,09
53,01	9,00
53,04	8,91
53,06	8,83
53,08	8,74
53,11	8,65
53,13	8,57
53,16	8,49
53,18	8,40
53,21	8,31
53,23	8,23
53,26	8,14
53,28	8,05
53,30	7,96
53,33	7,88
53,35	7,80
53,38	7,71
53,40	7,63
53,43	7,54
53,45	7,46
53,47	7,37
53,50	7,29
53,52	7,20
53,55	7,12
53,57	7,04
53,60	6,96
53,62	6,88
53,65	6,79
53,67	6,71
53,69	6,63
53,72	6,54
53,74	6,46
53,77	6,37
53,79	6,29
53,82	6,21
53,84	6,13
53,87	6,05
53,89	5,97
53,91	5,90
53,94	5,81
53,96	5,74
53,99	5,66
54,01	5,57
54,04	5,49
54,06	5,41
54,09	5,34
54,11	5,26
54,13	5,18
54,16	5,10
54,18	5,03
54,21	4,95
54,23	4,87
54,26	4,79
54,28	4,72
54,31	4,64
54,33	4,57
54,35	4,49
54,38	4,41
54,40	4,34
54,43	4,27
54,45	4,19
54,48	4,12
54,50	4,04
54,52	3,97
54,55	3,90
54,57	3,82
54,60	3,76
54,62	3,68
54,65	3,61
54,67	3,55
54,70	3,47
54,72	3,40
54,74	3,33
54,77	3,27
54,79	3,20
54,82	3,13
54,84	3,07
54,87	3,01
54,89	2,94
54,92	2,88
54,94	2,81
54,96	2,75
54,99	2,69
55,01	2,63
55,04	2,57
55,06	2,52
55,09	2,46
55,11	2,40
55,14	2,35
55,16	2,29
55,18	2,24
55,21	2,19
55,23	2,14
55,26	2,10
55,28	2,06
55,31	2,01
55,33	1,98
55,36	1,94
55,38	1,91
55,40	1,87
55,43	1,84
55,45	1,81
55,48	1,78
55,50	1,76
55,53	1,73
55,55	1,72
55,57	1,70
55,60	1,68
55,62	1,67
55,65	1,66
55,67	1,65
55,70	1,64
55,72	1,64
55,75	1,64
55,77	1,64
55,79	1,64
55,82	1,65
55,84	1,66
55,87	1,66
55,89	1,67
55,92	1,68
55,94	1,70
55,97	1,71
55,99	1,72
56,01	1,74
56,04	1,76
56,06	1,77
56,09	1,79
56,11	1,81
56,14	1,83
56,16	1,85
56,19	1,87
56,21	1,90
56,23	1,92
56,26	1,94
56,28	1,96
56,31	1,98
56,33	2,01
56,36	2,02
56,38	2,04
56,41	2,07
56,43	2,09
56,45	2,11
56,48	2,13
56,50	2,16
56,53	2,18
56,55	2,20
56,58	2,21
56,60	2,24
56,62	2,26
56,65	2,27
56,67	2,30
56,70	2,32
56,72	2,34
56,75	2,35
56,77	2,37
56,80	2,40
56,82	2,41
56,84	2,43
56,87	2,45
56,89	2,47
56,92	2,49
56,94	2,50
56,97	2,52
56,99	2,55
57,02	2,56
57,04	2,59
57,06	2,61
57,09	2,63
57,11	2,65
57,14	2,67
57,16	2,70
57,19	2,73
57,21	2,75
57,24	2,78
57,26	2,81
57,28	2,84
57,31	2,87
57,33	2,90
57,36	2,93
57,38	2,97
57,41	3,00
57,43	3,04
57,46	3,09
57,48	3,13
57,50	3,17
57,53	3,21
57,55	3,26
57,58	3,31
57,60	3,35
57,63	3,40
57,65	3,45
57,68	3,51
57,70	3,56
57,72	3,61
57,75	3,68
57,77	3,74
57,80	3,79
57,82	3,85
57,85	3,91
57,87	3,98
57,89	4,04
57,92	4,10
57,94	4,17
57,97	4,24
57,99	4,30
58,02	4,37
58,04	4,44
58,07	4,50
58,09	4,56
58,11	4,63
58,14	4,71
58,16	4,77
58,19	4,84
58,21	4,91
58,24	4,98
58,26	5,06
58,29	5,12
58,31	5,19
58,33	5,27
58,36	5,34
58,38	5,40
58,41	5,47
58,43	5,55
58,46	5,62
58,48	5,68
58,51	5,76
58,53	5,83
58,55	5,90
58,58	5,96
58,60	6,04
58,63	6,11
58,65	6,18
58,68	6,25
58,70	6,32
58,73	6,39
58,75	6,46
58,77	6,53
58,80	6,60
58,82	6,68
58,85	6,75
58,87	6,81
58,90	6,88
58,92	6,96
58,94	7,02
58,97	7,09
58,99	7,16
59,02	7,24
59,04	7,31
59,07	7,38
59,09	7,45
59,12	7,53
59,14	7,60
59,16	7,67
59,19	7,75
59,21	7,82
59,24	7,89
59,26	7,96
59,29	8,04
59,31	8,11
59,34	8,18
59,36	8,26
59,38	8,34
59,41	8,41
59,43	8,49
59,46	8,56
59,48	8,65
59,51	8,72
59,53	8,79
59,56	8,87
59,58	8,95
59,60	9,03
59,63	9,11
59,65	9,19
59,68	9,27
59,70	9,35
59,73	9,42
59,75	9,51
59,78	9,59
59,80	9,66
59,82	9,74
59,85	9,82
59,87	9,91
59,90	9,98
59,92	10,06
59,95	10,14
59,97	10,23
59,99	10,30
60,02	10,38
60,04	10,46
60,07	10,55
60,09	10,63
60,12	10,70
60,14	10,79
60,17	10,87
60,19	10,95
60,21	11,02
60,24	11,11
60,26	11,19
60,29	11,26
60,31	11,34
60,34	11,42
60,36	11,51
60,39	11,59
60,41	11,66
60,43	11,74
60,46	11,83
60,48	11,90
60,51	11,98
60,53	12,06
60,56	12,14
60,58	12,22
60,61	12,30
60,63	12,38
60,65	12,46
60,68	12,53
60,70	12,61
60,73	12,69
60,75	12,77
60,78	12,85
60,80	12,92
60,83	13,00
60,85	13,08
60,87	13,16
60,90	13,23
60,92	13,31
60,95	13,40
60,97	13,47
61,00	13,55
61,02	13,63
61,05	13,71
61,07	13,78
61,09	13,87
61,12	13,95
61,14	14,02
61,17	14,10
61,19	14,18
61,22	14,26
61,24	14,33
61,26	14,41
61,29	14,49
61,31	14,57
61,34	14,64
61,36	14,72
61,39	14,79
61,41	14,88
61,44	14,95
61,46	15,02
61,48	15,10
61,51	15,19
61,53	15,27
61,56	15,34
61,58	15,42
61,61	15,49
61,63	15,56
61,66	15,64
61,68	15,72
61,70	15,80
61,73	15,87
61,75	15,94
61,78	16,02
61,80	16,11
61,83	16,19
61,85	16,26
61,88	16,34
61,90	16,42
61,92	16,50
61,95	16,57
61,97	16,64
62,00	16,72
62,02	16,79
62,05	16,86
62,07	16,95
62,10	17,03
62,12	17,10
62,14	17,17
62,17	17,25
62,19	17,33
62,22	17,40
62,24	17,47
62,27	17,56
62,29	17,63
62,31	17,71
62,34	17,78
62,36	17,85
62,39	17,92
62,41	17,99
62,44	18,06
62,46	18,13
62,49	18,20
62,51	18,28
62,53	18,35
62,56	18,42
62,58	18,50
62,61	18,57
62,63	18,65
62,66	18,72
62,68	18,79
62,71	18,86
62,73	18,93
62,75	19,01
62,78	19,08
62,80	19,15
62,83	19,22
62,85	19,30
62,88	19,37
62,90	19,44
62,93	19,51
62,95	19,59
62,97	19,66
63,00	19,72
63,02	19,80
63,05	19,88
63,07	19,94
63,10	20,01
63,12	20,08
63,15	20,15
63,17	20,22
63,19	20,28
63,22	20,35
63,24	20,43
63,27	20,49
63,29	20,56
63,32	20,63
63,34	20,70
63,36	20,77
63,39	20,83
63,41	20,91
63,44	20,98
63,46	21,05
63,49	21,11
63,51	21,18
63,54	21,26
63,56	21,32
63,58	21,38
63,61	21,45
63,63	21,52
63,66	21,59
63,68	21,64
63,71	21,71
63,73	21,79
63,76	21,85
63,78	21,92
63,80	21,99
63,83	22,06
63,85	22,13
63,88	22,19
63,90	22,26
63,93	22,33
63,95	22,40
63,98	22,46
64,00	22,53
64,02	22,60
64,05	22,66
64,07	22,72
64,10	22,78
64,12	22,85
64,15	22,90
64,17	22,96
64,20	23,03
64,22	23,10
64,24	23,17
64,27	23,23
64,29	23,30
64,32	23,36
64,34	23,42
64,37	23,48
64,39	23,55
64,41	23,61
64,44	23,66
64,46	23,72
64,49	23,79
64,51	23,85
64,54	23,90
64,56	23,97
64,59	24,03
64,61	24,09
64,63	24,14
64,66	24,20
64,68	24,27
64,71	24,32
64,73	24,37
64,76	24,44
64,78	24,50
64,81	24,55
64,83	24,60
64,85	24,66
64,88	24,72
64,90	24,77
64,93	24,82
64,95	24,88
64,98	24,94
65,00	24,99
65,03	25,03
65,05	25,09
65,07	25,14
65,10	25,19
65,12	25,23
65,15	25,28
65,17	25,33
65,20	25,37
65,22	25,41
65,25	25,46
65,27	25,51
65,29	25,55
65,32	25,59
65,34	25,63
65,37	25,68
65,39	25,72
65,42	25,75
65,44	25,79
65,47	25,84
65,49	25,87
65,51	25,90
65,54	25,93
65,56	25,97
65,59	25,99
65,61	26,01
65,64	26,05
65,66	26,08
65,68	26,10
65,71	26,12
65,73	26,15
65,76	26,18
65,78	26,20
65,81	26,22
65,83	26,24
65,86	26,26
65,88	26,28
65,90	26,29
65,93	26,31
65,95	26,33
65,98	26,34
66,00	26,34
66,03	26,36
66,05	26,37
66,08	26,38
66,10	26,39
66,12	26,40
66,15	26,41
66,17	26,41
66,20	26,42
66,22	26,42
66,25	26,43
66,27	26,43
66,30	26,44
66,32	26,44
66,34	26,44
66,37	26,44
66,39	26,44
66,42	26,44
66,44	26,44
66,47	26,44
66,49	26,44
66,52	26,44
66,54	26,43
66,56	26,43
66,59	26,42
66,61	26,42
66,64	26,42
66,66	26,41
66,69	26,41
66,71	26,41
66,73	26,40
66,76	26,38
66,78	26,38
66,81	26,37
66,83	26,35
66,86	26,34
66,88	26,33
66,91	26,32
66,93	26,30
66,95	26,28
66,98	26,27
67,00	26,26
67,03	26,24
67,05	26,21
67,08	26,20
67,10	26,18
67,13	26,16
67,15	26,13
67,17	26,11
67,20	26,09
67,22	26,06
67,25	26,03
67,27	26,00
67,30	25,98
67,32	25,95
67,35	25,91
67,37	25,88
67,39	25,86
67,42	25,83
67,44	25,79
67,47	25,76
67,49	25,73
67,52	25,69
67,54	25,64
67,57	25,61
67,59	25,58
67,61	25,53
67,64	25,49
67,66	25,45
67,69	25,42
67,71	25,37
67,74	25,33
67,76	25,29
67,78	25,25
67,81	25,20
67,83	25,15
67,86	25,11
67,88	25,06
67,91	25,01
67,93	24,96
67,96	24,91
67,98	24,86
68,00	24,81
68,03	24,76
68,05	24,71
68,08	24,65
68,10	24,60
68,13	24,55
68,15	24,50
68,18	24,44
68,20	24,39
68,22	24,33
68,25	24,28
68,27	24,22
68,30	24,16
68,32	24,10
68,35	24,05
68,37	23,99
68,40	23,93
68,42	23,87
68,44	23,81
68,47	23,75
68,49	23,69
68,52	23,63
68,54	23,57
68,57	23,51
68,59	23,45
68,62	23,40
68,64	23,34
68,66	23,27
68,69	23,21
68,71	23,15
68,74	23,09
68,76	23,01
68,79	22,94
68,81	22,88
68,83	22,82
68,86	22,75
68,88	22,68
68,91	22,62
68,93	22,55
68,96	22,48
68,98	22,40
69,01	22,34
69,03	22,27
69,05	22,20
69,08	22,13
69,10	22,06
69,13	21,99
69,15	21,92
69,18	21,84
69,20	21,77
69,23	21,70
69,25	21,62
69,27	21,54
69,30	21,47
69,32	21,39
69,35	21,31
69,37	21,24
69,40	21,16
69,42	21,09
69,45	21,01
69,47	20,94
69,49	20,86
69,52	20,79
69,54	20,70
69,57	20,62
69,59	20,54
69,62	20,46
69,64	20,38
69,67	20,30
69,69	20,22
69,71	20,14
69,74	20,05
69,76	19,97
69,79	19,89
69,81	19,81
69,84	19,73
69,86	19,65
69,89	19,56
69,91	19,48
69,93	19,39
69,96	19,31
69,98	19,22
70,01	19,13
70,03	19,05
70,06	18,96
70,08	18,87
70,10	18,78
70,13	18,69
70,15	18,61
70,18	18,51
70,20	18,42
70,23	18,33
70,25	18,24
70,28	18,16
70,30	18,07
70,32	17,98
70,35	17,89
70,37	17,80
70,40	17,72
70,42	17,63
70,45	17,54
70,47	17,45
70,50	17,35
70,52	17,26
70,54	17,18
70,57	17,09
70,59	16,99
70,62	16,90
70,64	16,81
70,67	16,72
70,69	16,63
70,72	16,53
70,74	16,45
70,76	16,36
70,79	16,27
70,81	16,18
70,84	16,09
70,86	16,01
70,89	15,91
70,91	15,81
70,94	15,72
70,96	15,63
70,98	15,54
71,01	15,44
71,03	15,35
71,06	15,26
71,08	15,17
71,11	15,07
71,13	14,99
71,15	14,90
71,18	14,80
71,20	14,70
71,23	14,61
71,25	14,53
71,28	14,43
71,30	14,34
71,33	14,25
71,35	14,15
71,37	14,06
71,40	13,97
71,42	13,87
71,45	13,78
71,47	13,69
71,50	13,60
71,52	13,51
71,55	13,42
71,57	13,32
71,59	13,23
71,62	13,14
71,64	13,05
71,67	12,95
71,69	12,86
71,72	12,78
71,74	12,69
71,77	12,60
71,79	12,51
71,81	12,43
71,84	12,34
71,86	12,25
71,89	12,16
71,91	12,08
71,94	11,99
71,96	11,91
71,99	11,83
72,01	11,76
72,03	11,67
72,06	11,59
72,08	11,52
72,11	11,45
72,13	11,37
72,16	11,29
72,18	11,23
72,20	11,16
72,23	11,10
72,25	11,03
72,28	10,97
72,30	10,91
72,33	10,85
72,35	10,78
72,38	10,73
72,40	10,67
72,42	10,61
72,45	10,55
72,47	10,51
72,50	10,46
72,52	10,41
72,55	10,35
72,57	10,31
72,60	10,27
72,62	10,22
72,64	10,17
72,67	10,13
72,69	10,09
72,72	10,05
72,74	10,00
72,77	9,97
72,79	9,93
72,82	9,89
72,84	9,84
72,86	9,81
72,89	9,77
72,91	9,73
72,94	9,69
72,96	9,66
72,99	9,63
73,01	9,59
73,04	9,55
73,06	9,52
73,08	9,48
73,11	9,44
73,13	9,40
73,16	9,36
73,18	9,33
73,21	9,28
73,23	9,24
73,25	9,21
73,28	9,17
73,30	9,13
73,33	9,09
73,35	9,05
73,38	9,01
73,40	8,97
73,43	8,93
73,45	8,89
73,47	8,85
73,50	8,80
73,52	8,76
73,55	8,72
73,57	8,68
73,60	8,63
73,62	8,59
73,65	8,55
73,67	8,51
73,69	8,47
73,72	8,43
73,74	8,39
73,77	8,35
73,79	8,31
73,82	8,28
73,84	8,24
73,87	8,20
73,89	8,16
73,91	8,13
73,94	8,10
73,96	8,06
73,99	8,03
74,01	8,01
74,04	7,98
74,06	7,95
74,09	7,92
74,11	7,90
74,13	7,88
74,16	7,86
74,18	7,84
74,21	7,83
74,23	7,82
74,26	7,80
74,28	7,79
74,31	7,78
74,33	7,78
74,35	7,77
74,38	7,76
74,40	7,77
74,43	7,77
74,45	7,76
74,48	7,77
74,50	7,77
74,52	7,78
74,55	7,78
74,57	7,79
74,60	7,80
74,62	7,81
74,65	7,82
74,67	7,83
74,70	7,84
74,72	7,86
74,74	7,87
74,77	7,89
74,79	7,90
74,82	7,92
74,84	7,93
74,87	7,95
74,89	7,97
74,92	7,99
74,94	8,00
74,96	8,02
74,99	8,04
75,01	8,06
75,04	8,08
75,06	8,10
75,09	8,12
75,11	8,13
75,14	8,15
75,16	8,17
75,18	8,19
75,21	8,21
75,23	8,23
75,26	8,25
75,28	8,27
75,31	8,29
75,33	8,31
75,36	8,33
75,38	8,35
75,40	8,37
75,43	8,38
75,45	8,41
75,48	8,43
75,50	8,44
75,53	8,46
75,55	8,48
75,57	8,50
75,60	8,52
75,62	8,55
75,65	8,57
75,67	8,59
75,70	8,61
75,72	8,63
75,75	8,66
75,77	8,68
75,79	8,70
75,82	8,72
75,84	8,75
75,87	8,78
75,89	8,80
75,92	8,82
75,94	8,86
75,97	8,89
75,99	8,91
76,01	8,94
76,04	8,98
76,06	9,01
76,09	9,04
76,11	9,08
76,14	9,12
76,16	9,16
76,19	9,19
76,21	9,23
76,23	9,27
76,26	9,31
76,28	9,35
76,31	9,39
76,33	9,43
76,36	9,48
76,38	9,52
76,41	9,57
76,43	9,62
76,45	9,67
76,48	9,71
76,50	9,76
76,53	9,81
76,55	9,86
76,58	9,90
76,60	9,96
76,62	10,02
76,65	10,07
76,67	10,12
76,70	10,17
76,72	10,24
76,75	10,29
76,77	10,34
76,80	10,39
76,82	10,45
76,84	10,51
76,87	10,56
76,89	10,62
76,92	10,68
76,94	10,73
76,97	10,79
76,99	10,85
77,02	10,90
77,04	10,96
77,06	11,02
77,09	11,08
77,11	11,14
77,14	11,20
77,16	11,25
77,19	11,32
77,21	11,38
77,24	11,44
77,26	11,49
77,28	11,55
77,31	11,61
77,33	11,67
77,36	11,73
77,38	11,79
77,41	11,85
77,43	11,91
77,46	11,97
77,48	12,03
77,50	12,09
77,53	12,15
77,55	12,21
77,58	12,27
77,60	12,34
77,63	12,40
77,65	12,46
77,68	12,53
77,70	12,59
77,72	12,65
77,75	12,71
77,77	12,78
77,80	12,85
77,82	12,91
77,85	12,98
77,87	13,05
77,89	13,11
77,92	13,18
77,94	13,25
77,97	13,32
77,99	13,39
78,02	13,46
78,04	13,53
78,07	13,61
78,09	13,68
78,11	13,74
78,14	13,82
78,16	13,90
78,19	13,97
78,21	14,04
78,24	14,11
78,26	14,19
78,29	14,26
78,31	14,33
78,33	14,41
78,36	14,49
78,38	14,56
78,41	14,63
78,43	14,71
78,46	14,79
78,48	14,87
78,51	14,94
78,53	15,01
78,55	15,09
78,58	15,17
78,60	15,24
78,63	15,32
78,65	15,41
78,68	15,48
78,70	15,55
78,73	15,62
78,75	15,71
78,77	15,78
78,80	15,86
78,82	15,95
78,85	16,03
78,87	16,10
78,90	16,18
78,92	16,26
78,94	16,35
78,97	16,43
78,99	16,50
79,02	16,59
79,04	16,67
79,07	16,75
79,09	16,83
79,12	16,91
79,14	17,00
79,16	17,08
79,19	17,16
79,21	17,24
79,24	17,33
79,26	17,41
79,29	17,49
79,31	17,58
79,34	17,66
79,36	17,74
79,38	17,83
79,41	17,92
79,43	18,00
79,46	18,07
79,48	18,15
79,51	18,24
79,53	18,32
79,56	18,40
79,58	18,49
79,60	18,58
79,63	18,67
79,65	18,74
79,68	18,83
79,70	18,92
79,73	19,00
79,75	19,08
79,78	19,17
79,80	19,26
79,82	19,35
79,85	19,43
79,87	19,52
79,90	19,61
79,92	19,69
79,95	19,77
79,97	19,86
79,99	19,95
80,02	20,03
80,04	20,11
80,07	20,20
80,09	20,30
80,12	20,39
80,14	20,47
80,17	20,57
80,19	20,67
80,21	20,75
80,24	20,84
80,26	20,93
80,29	21,02
80,31	21,11
80,34	21,20
80,36	21,28
80,39	21,38
80,41	21,47
80,43	21,55
80,46	21,65
80,48	21,74
80,51	21,84
80,53	21,93
80,56	22,02
80,58	22,12
80,61	22,21
80,63	22,30
80,65	22,38
80,68	22,48
80,70	22,57
80,73	22,65
80,75	22,75
80,78	22,84
80,80	22,93
80,83	23,02
80,85	23,12
80,87	23,21
80,90	23,30
80,92	23,38
80,95	23,48
80,97	23,57
81,00	23,66
81,02	23,76
81,04	23,84
81,07	23,94
81,09	24,03
81,12	24,12
81,14	24,20
81,17	24,29
81,19	24,40
81,22	24,48
81,24	24,57
81,26	24,66
81,29	24,76
81,31	24,85
81,34	24,94
81,36	25,03
81,39	25,13
81,41	25,22
81,44	25,31
81,46	25,40
81,48	25,50
81,51	25,58
81,53	25,68
81,56	25,77
81,58	25,86
81,61	25,95
81,63	26,04
81,66	26,13
81,68	26,22
81,70	26,32
81,73	26,40
81,75	26,48
81,78	26,58
81,80	26,67
81,83	26,76
81,85	26,84
81,88	26,93
81,90	27,03
81,92	27,11
81,95	27,20
81,97	27,28
82,00	27,37
82,02	27,45
82,05	27,53
82,07	27,61
82,10	27,70
82,12	27,78
82,14	27,86
82,17	27,94
82,19	28,03
82,22	28,11
82,24	28,18
82,27	28,27
82,29	28,35
82,31	28,43
82,34	28,50
82,36	28,58
82,39	28,66
82,41	28,74
82,44	28,81
82,46	28,88
82,49	28,95
82,51	29,02
82,53	29,09
82,56	29,16
82,58	29,23
82,61	29,30
82,63	29,37
82,66	29,44
82,68	29,51
82,71	29,57
82,73	29,65
82,75	29,71
82,78	29,77
82,80	29,83
82,83	29,89
82,85	29,96
82,88	30,03
82,90	30,09
82,93	30,15
82,95	30,22
82,97	30,28
83,00	30,34
83,02	30,40
83,05	30,46
83,07	30,52
83,10	30,58
83,12	30,64
83,15	30,71
83,17	30,76
83,19	30,81
83,22	30,88
83,24	30,95
83,27	31,00
83,29	31,05
83,32	31,11
83,34	31,17
83,36	31,22
83,39	31,27
83,41	31,33
83,44	31,40
83,46	31,45
83,49	31,50
83,51	31,56
83,54	31,62
83,56	31,68
83,58	31,72
83,61	31,78
83,63	31,84
83,66	31,89
83,68	31,94
83,71	32,00
83,73	32,05
83,76	32,09
83,78	32,14
83,80	32,19
83,83	32,24
83,85	32,29
83,88	32,33
83,90	32,38
83,93	32,44
83,95	32,48
83,98	32,52
84,00	32,57
84,02	32,61
84,05	32,64
84,07	32,68
84,10	32,72
84,12	32,76
84,15	32,79
84,17	32,82
84,20	32,86
84,22	32,89
84,24	32,92
84,27	32,95
84,29	32,98
84,32	33,01
84,34	33,04
84,37	33,07
84,39	33,10
84,41	33,12
84,44	33,14
84,46	33,17
84,49	33,20
84,51	33,22
84,54	33,24
84,56	33,26
84,59	33,28
84,61	33,30
84,63	33,31
84,66	33,34
84,68	33,36
84,71	33,38
84,73	33,40
84,76	33,41
84,78	33,43
84,81	33,45
84,83	33,46
84,85	33,48
84,88	33,50
84,90	33,51
84,93	33,52
84,95	33,54
84,98	33,55
85,00	33,56
85,03	33,56
85,05	33,58
85,07	33,59
85,10	33,59
85,12	33,60
85,15	33,61
85,17	33,62
85,20	33,62
85,22	33,63
85,25	33,63
85,27	33,65
85,29	33,66
85,32	33,65
85,34	33,66
85,37	33,67
85,39	33,67
85,42	33,67
85,44	33,68
85,47	33,68
85,49	33,68
85,51	33,68
85,54	33,67
85,56	33,68
85,59	33,67
85,61	33,67
85,64	33,67
85,66	33,67
85,68	33,67
85,71	33,66
85,73	33,66
85,76	33,66
85,78	33,64
85,81	33,63
85,83	33,63
85,86	33,62
85,88	33,61
85,90	33,59
85,93	33,58
85,95	33,57
85,98	33,55
86,00	33,54
86,03	33,53
86,05	33,51
86,08	33,48
86,10	33,47
86,12	33,46
86,15	33,43
86,17	33,41
86,20	33,39
86,22	33,37
86,25	33,35
86,27	33,32
86,30	33,30
86,32	33,28
86,34	33,26
86,37	33,23
86,39	33,21
86,42	33,18
86,44	33,16
86,47	33,12
86,49	33,10
86,52	33,08
86,54	33,05
86,56	33,02
86,59	32,99
86,61	32,97
86,64	32,94
86,66	32,90
86,69	32,87
86,71	32,84
86,73	32,81
86,76	32,77
86,78	32,74
86,81	32,72
86,83	32,68
86,86	32,64
86,88	32,60
86,91	32,57
86,93	32,53
86,95	32,48
86,98	32,45
87,00	32,41
87,03	32,37
87,05	32,32
87,08	32,29
87,10	32,25
87,13	32,20
87,15	32,15
87,17	32,11
87,20	32,07
87,22	32,02
87,25	31,97
87,27	31,93
87,30	31,89
87,32	31,84
87,35	31,79
87,37	31,75
87,39	31,71
87,42	31,65
87,44	31,60
87,47	31,55
87,49	31,51
87,52	31,45
87,54	31,40
87,57	31,35
87,59	31,30
87,61	31,25
87,64	31,19
87,66	31,14
87,69	31,09
87,71	31,03
87,74	30,97
87,76	30,93
87,78	30,87
87,81	30,81
87,83	30,75
87,86	30,70
87,88	30,64
87,91	30,58
87,93	30,52
87,96	30,46
87,98	30,40
88,00	30,35
88,03	30,28
88,05	30,22
88,08	30,17
88,10	30,10
88,13	30,03
88,15	29,97
88,18	29,91
88,20	29,85
88,22	29,78
88,25	29,73
88,27	29,66
88,30	29,59
88,32	29,53
88,35	29,47
88,37	29,40
88,40	29,34
88,42	29,27
88,44	29,21
88,47	29,15
88,49	29,09
88,52	29,02
88,54	28,96
88,57	28,89
88,59	28,83
88,62	28,76
88,64	28,70
88,66	28,62
88,69	28,55
88,71	28,50
88,74	28,43
88,76	28,36
88,79	28,30
88,81	28,24
88,83	28,18
88,86	28,11
88,88	28,04
88,91	27,98
88,93	27,92
88,96	27,86
88,98	27,79
89,01	27,73
89,03	27,68
89,05	27,61
89,08	27,54
89,10	27,49
89,13	27,43
89,15	27,37
89,18	27,31
89,20	27,25
89,23	27,20
89,25	27,15
89,27	27,09
89,30	27,04
89,32	26,99
89,35	26,93
89,37	26,87
89,40	26,82
89,42	26,77
89,45	26,71
89,47	26,66
89,49	26,61
89,52	26,55
89,54	26,50
89,57	26,44
89,59	26,39
89,62	26,34
89,64	26,29
89,67	26,23
89,69	26,18
89,71	26,12
89,74	26,07
89,76	26,02
89,79	25,97
89,81	25,91
89,84	25,85
89,86	25,80
89,89	25,74
89,91	25,68
89,93	25,62
89,96	25,57
89,98	25,51
90,01	25,45
90,03	25,39
90,06	25,33
90,08	25,27
90,10	25,21
90,13	25,14
90,15	25,08
90,18	25,02
90,20	24,97
90,23	24,90
90,25	24,84
90,28	24,78
90,30	24,71
90,32	24,64
90,35	24,58
90,37	24,52
90,40	24,45
90,42	24,39
90,45	24,33
90,47	24,27
90,50	24,20
90,52	24,13
90,54	24,07
90,57	24,01
90,59	23,94
90,62	23,87
90,64	23,82
90,67	23,76
90,69	23,69
90,72	23,63
90,74	23,58
90,76	23,52
90,79	23,46
90,81	23,40
90,84	23,35
90,86	23,29
90,89	23,24
90,91	23,19
90,94	23,14
90,96	23,10
90,98	23,05
91,01	23,00
91,03	22,95
91,06	22,90
91,08	22,86
91,11	22,82
91,13	22,78
91,15	22,75
91,18	22,70
91,20	22,66
91,23	22,63
91,25	22,59
91,28	22,55
91,30	22,52
91,33	22,48
91,35	22,46
91,37	22,42
91,40	22,39
91,42	22,36
91,45	22,33
91,47	22,30
91,50	22,27
91,52	22,25
91,55	22,22
91,57	22,19
91,59	22,17
91,62	22,15
91,64	22,12
91,67	22,09
91,69	22,06
91,72	22,04
91,74	22,01
91,77	21,98
91,79	21,95
91,81	21,92
91,84	21,90
91,86	21,87
91,89	21,85
91,91	21,82
91,94	21,79
91,96	21,75
91,99	21,73
92,01	21,70
92,03	21,66
92,06	21,63
92,08	21,61
92,11	21,58
92,13	21,55
92,16	21,51
92,18	21,49
92,20	21,46
92,23	21,42
92,25	21,39
92,28	21,36
92,30	21,33
92,33	21,30
92,35	21,27
92,38	21,25
92,40	21,22
92,42	21,19
92,45	21,16
92,47	21,13
92,50	21,11
92,52	21,07
92,55	21,04
92,57	21,02
92,60	21,00
92,62	20,97
92,64	20,95
92,67	20,93
92,69	20,91
92,72	20,89
92,74	20,86
92,77	20,85
92,79	20,83
92,82	20,80
92,84	20,79
92,86	20,77
92,89	20,76
92,91	20,74
92,94	20,73
92,96	20,72
92,99	20,71
93,01	20,69
93,04	20,68
93,06	20,67
93,08	20,67
93,11	20,65
93,13	20,65
93,16	20,65
93,18	20,65
93,21	20,64
93,23	20,64
93,25	20,64
93,28	20,64
93,30	20,63
93,33	20,64
93,35	20,65
93,38	20,65
93,40	20,65
93,43	20,65
93,45	20,66
93,47	20,67
93,50	20,67
93,52	20,68
93,55	20,69
93,57	20,69
93,60	20,69
93,62	20,70
93,65	20,72
93,67	20,72
93,69	20,72
93,72	20,74
93,74	20,74
93,77	20,75
93,79	20,75
93,82	20,77
93,84	20,78
93,87	20,78
93,89	20,79
93,91	20,81
93,94	20,82
93,96	20,82
93,99	20,83
94,01	20,84
94,04	20,85
94,06	20,86
94,09	20,87
94,11	20,89
94,13	20,90
94,16	20,90
94,18	20,91
94,21	20,94
94,23	20,95
94,26	20,95
94,28	20,96
94,31	20,99
94,33	21,01
94,35	21,02
94,38	21,03
94,40	21,05
94,43	21,07
94,45	21,08
94,48	21,09
94,50	21,12
94,52	21,13
94,55	21,15
94,57	21,17
94,60	21,19
94,62	21,22
94,65	21,23
94,67	21,25
94,70	21,28
94,72	21,30
94,74	21,32
94,77	21,35
94,79	21,38
94,82	21,41
94,84	21,43
94,87	21,46
94,89	21,50
94,92	21,53
94,94	21,55
94,96	21,59
94,99	21,62
95,01	21,65
95,04	21,68
95,06	21,71
95,09	21,75
95,11	21,79
95,14	21,83
95,16	21,86
95,18	21,90
95,21	21,94
95,23	21,97
95,26	22,01
95,28	22,05
95,31	22,09
95,33	22,13
95,36	22,17
95,38	22,22
95,40	22,26
95,43	22,29
95,45	22,33
95,48	22,38
95,50	22,42
95,53	22,46
95,55	22,51
95,57	22,56
95,60	22,60
95,62	22,64
95,65	22,69
95,67	22,74
95,70	22,78
95,72	22,82
95,75	22,87
95,77	22,93
95,79	22,97
95,82	23,01
95,84	23,07
95,87	23,11
95,89	23,15
95,92	23,20
95,94	23,26
95,97	23,30
95,99	23,35
96,01	23,40
96,04	23,45
96,06	23,50
96,09	23,55
96,11	23,61
96,14	23,67
96,16	23,71
96,19	23,76
96,21	23,82
96,23	23,88
96,26	23,93
96,28	23,98
96,31	24,04
96,33	24,10
96,36	24,16
96,38	24,22
96,41	24,27
96,43	24,34
96,45	24,40
96,48	24,45
96,50	24,52
96,53	24,59
96,55	24,65
96,58	24,71
96,60	24,77
96,62	24,84
96,65	24,90
96,67	24,96
96,70	25,02
96,72	25,10
96,75	25,16
96,77	25,22
96,80	25,29
96,82	25,37
96,84	25,43
96,87	25,49
96,89	25,56
96,92	25,64
96,94	25,71
96,97	25,77
96,99	25,84
97,02	25,91
97,04	25,98
97,06	26,05
97,09	26,12
97,11	26,20
97,14	26,27
97,16	26,34
97,19	26,41
97,21	26,49
97,24	26,56
97,26	26,64
97,28	26,72
97,31	26,81
97,33	26,88
97,36	26,96
97,38	27,04
97,41	27,12
97,43	27,19
97,46	27,27
97,48	27,35
97,50	27,43
97,53	27,50
97,55	27,58
97,58	27,66
97,60	27,74
97,63	27,81
97,65	27,90
97,68	27,99
97,70	28,07
97,72	28,15
97,75	28,23
97,77	28,32
97,80	28,41
97,82	28,49
97,85	28,58
97,87	28,66
97,89	28,74
97,92	28,83
97,94	28,91
97,97	29,00
97,99	29,08
98,02	29,16
98,04	29,25
98,07	29,34
98,09	29,43
98,11	29,51
98,14	29,61
98,16	29,71
98,19	29,80
98,21	29,89
98,24	29,98
98,26	30,08
98,29	30,17
98,31	30,26
98,33	30,35
98,36	30,45
98,38	30,53
98,41	30,62
98,43	30,71
98,46	30,81
98,48	30,90
98,51	30,99
98,53	31,09
98,55	31,18
98,58	31,27
98,60	31,36
98,63	31,46
98,65	31,56
98,68	31,66
98,70	31,75
98,73	31,84
98,75	31,93
98,77	32,02
98,80	32,11
98,82	32,20
98,85	32,30
98,87	32,39
98,90	32,48
98,92	32,57
98,94	32,67
98,97	32,76
98,99	32,86
99,02	32,96
99,04	33,06
99,07	33,15
99,09	33,24
99,12	33,34
99,14	33,43
99,16	33,52
99,19	33,62
99,21	33,71
99,24	33,80
99,26	33,89
99,29	33,98
99,31	34,08
99,34	34,17
99,36	34,25
99,38	34,36
99,41	34,46
99,43	34,55
99,46	34,64
99,48	34,73
99,51	34,84
99,53	34,92
99,56	35,01
99,58	35,11
99,60	35,20
99,63	35,29
99,65	35,38
99,68	35,45
99,70	35,53
99,73	35,61
99,75	35,68
99,78	35,75
99,80	35,82
99,82	35,88
99,85	35,94
99,87	35,99
99,90	36,06
